Alnus,2017-01-01
Alnus,2017-01-02
Alnus,2017-01-03
Alnus,2017-01-04
Alnus,2017-01-05
Alnus,2017-01-06
Alnus,2017-01-07
Alnus,2017-01-08
Alnus,2017-01-09
Alnus,2017-01-10
Alnus,2017-01-11
Alnus,2017-01-12
Alnus,2017-01-13
Alnus,2017-01-14
Alnus,2017-01-15
Alnus,2017-01-16
Alnus,2017-01-17
Alnus,2017-01-18
Alnus,2017-01-19
Alnus,2017-01-20
Alnus,2017-01-21
Alnus,2017-01-22
Alnus,2017-01-23
Alnus,2017-01-24
Alnus,2017-01-25
Alnus,2017-01-26
Alnus,2017-01-27
Alnus,2017-01-28
Alnus,2017-01-29
Alnus,2017-01-30
Alnus,2017-01-31
Alnus,2017-02-01
Alnus,2017-02-02
Alnus,2017-02-03
Alnus,2017-02-04
Alnus,2017-02-05
Alnus,2017-02-06
Alnus,2017-02-07
Alnus,2017-02-08
Alnus,2017-02-09
Alnus,2017-02-10
Alnus,2017-02-11
Alnus,2017-02-12
Alnus,2017-02-13
Alnus,2017-02-14
Alnus,2017-02-15
Alnus,2017-02-16
Alnus,2017-02-17
Alnus,2017-02-18
Alnus,2017-02-19
Alnus,2017-02-20
Alnus,2017-02-21
Alnus,2017-02-22
Alnus,2017-02-23
Alnus,2017-02-24
Alnus,2017-02-25
Alnus,2017-02-26
Alnus,2017-02-27
Alnus,2017-02-28
Alnus,2017-03-01
Alnus,2017-03-02
Alnus,2017-03-03
Alnus,2017-03-04
Alnus,2017-03-05
Alnus,2017-03-06
Alnus,2017-03-07
Alnus,2017-03-08
Alnus,2017-03-09
Alnus,2017-03-10
Alnus,2017-03-11
Alnus,2017-03-12
Alnus,2017-03-13
Alnus,2017-03-14
Alnus,2017-03-15
Alnus,2017-03-16
Alnus,2017-03-17
Alnus,2017-03-18
Alnus,2017-03-19
Alnus,2017-03-20
Alnus,2017-03-21
Alnus,2017-03-22
Alnus,2017-03-23
Alnus,2017-03-24
Alnus,2017-03-25
Alnus,2017-03-26
Alnus,2017-03-27
Alnus,2017-03-28
Alnus,2017-03-29
Alnus,2017-03-30
Alnus,2017-03-31
Alnus,2017-04-01
Alnus,2017-04-02
Alnus,2017-04-03
Alnus,2017-04-04
Alnus,2017-04-05
Alnus,2017-04-06
Alnus,2017-04-07
Alnus,2017-04-08
Alnus,2017-04-09
Alnus,2017-04-10
Alnus,2017-04-11
Alnus,2017-04-12
Alnus,2017-04-13
Alnus,2017-04-14
Alnus,2017-04-15
Alnus,2017-04-16
Alnus,2017-04-17
Alnus,2017-04-18
Alnus,2017-04-19
Alnus,2017-04-20
Alnus,2017-04-21
Alnus,2017-04-22
Alnus,2017-04-23
Alnus,2017-04-24
Alnus,2017-04-25
Alnus,2017-04-26
Alnus,2017-04-27
Alnus,2017-04-28
Alnus,2017-04-29
Alnus,2017-04-30
Alnus,2017-05-01
Alnus,2017-05-02
Alnus,2017-05-03
Alnus,2017-05-04
Alnus,2017-05-05
Alnus,2017-05-06
Alnus,2017-05-07
Alnus,2017-05-08
Alnus,2017-05-09
Alnus,2017-05-10
Alnus,2017-05-11
Alnus,2017-05-12
Alnus,2017-05-13
Alnus,2017-05-14
Alnus,2017-05-15
Alnus,2017-05-16
Alnus,2017-05-17
Alnus,2017-05-18
Alnus,2017-05-19
Alnus,2017-05-20
Alnus,2017-05-21
Alnus,2017-05-22
Alnus,2017-05-23
Alnus,2017-05-24
Alnus,2017-05-25
Alnus,2017-05-26
Alnus,2017-05-27
Alnus,2017-05-28
Alnus,2017-05-29
Alnus,2017-05-30
Alnus,2017-05-31
Alnus,2017-06-01
Alnus,2017-06-02
Alnus,2017-06-03
Alnus,2017-06-04
Alnus,2017-06-05
Alnus,2017-06-06
Alnus,2017-06-07
Alnus,2017-06-08
Alnus,2017-06-09
Alnus,2017-06-10
Alnus,2017-06-11
Alnus,2017-06-12
Alnus,2017-06-13
Alnus,2017-06-14
Alnus,2017-06-15
Alnus,2017-06-16
Alnus,2017-06-17
Alnus,2017-06-18
Alnus,2017-06-19
Alnus,2017-06-20
Alnus,2017-06-21
Alnus,2017-06-22
Alnus,2017-06-23
Alnus,2017-06-24
Alnus,2017-06-25
Alnus,2017-06-26
Alnus,2017-06-27
Alnus,2017-06-28
Alnus,2017-06-29
Alnus,2017-06-30
Alnus,2017-07-01
Alnus,2017-07-02
Alnus,2017-07-03
Alnus,2017-07-04
Alnus,2017-07-05
Alnus,2017-07-06
Alnus,2017-07-07
Alnus,2017-07-08
Alnus,2017-07-09
Alnus,2017-07-10
Alnus,2017-07-11
Alnus,2017-07-12
Alnus,2017-07-13
Alnus,2017-07-14
Alnus,2017-07-15
Alnus,2017-07-16
Alnus,2017-07-17
Alnus,2017-07-18
Alnus,2017-07-19
Alnus,2017-07-20
Alnus,2017-07-21
Alnus,2017-07-22
Alnus,2017-07-23
Alnus,2017-07-24
Alnus,2017-07-25
Alnus,2017-07-26
Alnus,2017-07-27
Alnus,2017-07-28
Alnus,2017-07-29
Alnus,2017-07-30
Alnus,2017-07-31
Alnus,2017-08-01
Alnus,2017-08-02
Alnus,2017-08-03
Alnus,2017-08-04
Alnus,2017-08-05
Alnus,2017-08-06
Alnus,2017-08-07
Alnus,2017-08-08
Alnus,2017-08-09
Alnus,2017-08-10
Alnus,2017-08-11
Alnus,2017-08-12
Alnus,2017-08-13
Alnus,2017-08-14
Alnus,2017-08-15
Alnus,2017-08-16
Alnus,2017-08-17
Alnus,2017-08-18
Alnus,2017-08-19
Alnus,2017-08-20
Alnus,2017-08-21
Alnus,2017-08-22
Alnus,2017-08-23
Alnus,2017-08-24
Alnus,2017-08-25
Alnus,2017-08-26
Alnus,2017-08-27
Alnus,2017-08-28
Alnus,2017-08-29
Alnus,2017-08-30
Alnus,2017-08-31
Alnus,2017-09-01
Alnus,2017-09-02
Alnus,2017-09-03
Alnus,2017-09-04
Alnus,2017-09-05
Alnus,2017-09-06
Alnus,2017-09-07
Alnus,2017-09-08
Alnus,2017-09-09
Alnus,2017-09-10
Alnus,2017-09-11
Alnus,2017-09-12
Alnus,2017-09-13
Alnus,2017-09-14
Alnus,2017-09-15
Alnus,2017-09-16
Alnus,2017-09-17
Alnus,2017-09-18
Alnus,2017-09-19
Alnus,2017-09-20
Alnus,2017-09-21
Alnus,2017-09-22
Alnus,2017-09-23
Alnus,2017-09-24
Alnus,2017-09-25
Alnus,2017-09-26
Alnus,2017-09-27
Alnus,2017-09-28
Alnus,2017-09-29
Alnus,2017-09-30
Alnus,2017-10-01
Alnus,2017-10-02
Alnus,2017-10-03
Alnus,2017-10-04
Alnus,2017-10-05
Alnus,2017-10-06
Alnus,2017-10-07
Alnus,2017-10-08
Alnus,2017-10-09
Alnus,2017-10-10
Alnus,2017-10-11
Alnus,2017-10-12
Alnus,2017-10-13
Alnus,2017-10-14
Alnus,2017-10-15
Alnus,2017-10-16
Alnus,2017-10-17
Alnus,2017-10-18
Alnus,2017-10-19
Alnus,2017-10-20
Alnus,2017-10-21
Alnus,2017-10-22
Alnus,2017-10-23
Alnus,2017-10-24
Alnus,2017-10-25
Alnus,2017-10-26
Alnus,2017-10-27
Alnus,2017-10-28
Alnus,2017-10-29
Alnus,2017-10-30
Alnus,2017-10-31
Alnus,2017-11-01
Alnus,2017-11-02
Alnus,2017-11-03
Alnus,2017-11-04
Alnus,2017-11-05
Alnus,2017-11-06
Alnus,2017-11-07
Alnus,2017-11-08
Alnus,2017-11-09
Alnus,2017-11-10
Alnus,2017-11-11
Alnus,2017-11-12
Alnus,2017-11-13
Alnus,2017-11-14
Alnus,2017-11-15
Alnus,2017-11-16
Alnus,2017-11-17
Alnus,2017-11-18
Alnus,2017-11-19
Alnus,2017-11-20
Alnus,2017-11-21
Alnus,2017-11-22
Alnus,2017-11-23
Alnus,2017-11-24
Alnus,2017-11-25
Alnus,2017-11-26
Alnus,2017-11-27
Alnus,2017-11-28
Alnus,2017-11-29
Alnus,2017-11-30
Alnus,2017-12-01
Alnus,2017-12-02
Alnus,2017-12-03
Alnus,2017-12-04
Alnus,2017-12-05
Alnus,2017-12-06
Alnus,2017-12-07
Alnus,2017-12-08
Alnus,2017-12-09
Alnus,2017-12-10
Alnus,2017-12-11
Alnus,2017-12-12
Alnus,2017-12-13
Alnus,2017-12-14
Alnus,2017-12-15
Alnus,2017-12-16
Alnus,2017-12-17
Alnus,2017-12-18
Alnus,2017-12-19
Alnus,2017-12-20
Alnus,2017-12-21
Alnus,2017-12-22
Alnus,2017-12-23
Alnus,2017-12-24
Alnus,2017-12-25
Alnus,2017-12-26
Alnus,2017-12-27
Alnus,2017-12-28
Alnus,2017-12-29
Alnus,2017-12-30
Alnus,2017-12-31
Alnus,2018-01-01
Alnus,2018-01-02
Alnus,2018-01-03
Alnus,2018-01-04
Alnus,2018-01-05
Alnus,2018-01-06
Alnus,2018-01-07
Alnus,2018-01-08
Alnus,2018-01-09
Alnus,2018-01-10
Alnus,2018-01-11
Alnus,2018-01-12
Alnus,2018-01-13
Alnus,2018-01-14
Alnus,2018-01-15
Alnus,2018-01-16
Alnus,2018-01-17
Alnus,2018-01-18
Alnus,2018-01-19
Alnus,2018-01-20
Alnus,2018-01-21
Alnus,2018-01-22
Alnus,2018-01-23
Alnus,2018-01-24
Alnus,2018-01-25
Alnus,2018-01-26
Alnus,2018-01-27
Alnus,2018-01-28
Alnus,2018-01-29
Alnus,2018-01-30
Alnus,2018-01-31
Alnus,2018-02-01
Alnus,2018-02-02
Alnus,2018-02-03
Alnus,2018-02-04
Alnus,2018-02-05
Alnus,2018-02-06
Alnus,2018-02-07
Alnus,2018-02-08
Alnus,2018-02-09
Alnus,2018-02-10
Alnus,2018-02-11
Alnus,2018-02-12
Alnus,2018-02-13
Alnus,2018-02-14
Alnus,2018-02-15
Alnus,2018-02-16
Alnus,2018-02-17
Alnus,2018-02-18
Alnus,2018-02-19
Alnus,2018-02-20
Alnus,2018-02-21
Alnus,2018-02-22
Alnus,2018-02-23
Alnus,2018-02-24
Alnus,2018-02-25
Alnus,2018-02-26
Alnus,2018-02-27
Alnus,2018-02-28
Alnus,2018-03-01
Alnus,2018-03-02
Alnus,2018-03-03
Alnus,2018-03-04
Alnus,2018-03-05
Alnus,2018-03-06
Alnus,2018-03-07
Alnus,2018-03-08
Alnus,2018-03-09
Alnus,2018-03-10
Alnus,2018-03-11
Alnus,2018-03-12
Alnus,2018-03-13
Alnus,2018-03-14
Alnus,2018-03-15
Alnus,2018-03-16
Alnus,2018-03-17
Alnus,2018-03-18
Alnus,2018-03-19
Alnus,2018-03-20
Alnus,2018-03-21
Alnus,2018-03-22
Alnus,2018-03-23
Alnus,2018-03-24
Alnus,2018-03-25
Alnus,2018-03-26
Alnus,2018-03-27
Alnus,2018-03-28
Alnus,2018-03-29
Alnus,2018-03-30
Alnus,2018-03-31
Alnus,2018-04-01
Alnus,2018-04-02
Alnus,2018-04-03
Alnus,2018-04-04
Alnus,2018-04-05
Alnus,2018-04-06
Alnus,2018-04-07
Alnus,2018-04-08
Alnus,2018-04-09
Alnus,2018-04-10
Alnus,2018-04-11
Alnus,2018-04-12
Alnus,2018-04-13
Alnus,2018-04-14
Alnus,2018-04-15
Alnus,2018-04-16
Alnus,2018-04-17
Alnus,2018-04-18
Alnus,2018-04-19
Alnus,2018-04-20
Alnus,2018-04-21
Alnus,2018-04-22
Alnus,2018-04-23
Alnus,2018-04-24
Alnus,2018-04-25
Alnus,2018-04-26
Alnus,2018-04-27
Alnus,2018-04-28
Alnus,2018-04-29
Alnus,2018-04-30
Alnus,2018-05-01
Alnus,2018-05-02
Alnus,2018-05-03
Alnus,2018-05-04
Alnus,2018-05-05
Alnus,2018-05-06
Alnus,2018-05-07
Alnus,2018-05-08
Alnus,2018-05-09
Alnus,2018-05-10
Alnus,2018-05-11
Alnus,2018-05-12
Alnus,2018-05-13
Alnus,2018-05-14
Alnus,2018-05-15
Alnus,2018-05-16
Alnus,2018-05-17
Alnus,2018-05-18
Alnus,2018-05-19
Alnus,2018-05-20
Alnus,2018-05-21
Alnus,2018-05-22
Alnus,2018-05-23
Alnus,2018-05-24
Alnus,2018-05-25
Alnus,2018-05-26
Alnus,2018-05-27
Alnus,2018-05-28
Alnus,2018-05-29
Alnus,2018-05-30
Alnus,2018-05-31
Alnus,2018-06-01
Alnus,2018-06-02
Alnus,2018-06-03
Alnus,2018-06-04
Alnus,2018-06-05
Alnus,2018-06-06
Alnus,2018-06-07
Alnus,2018-06-08
Alnus,2018-06-09
Alnus,2018-06-10
Alnus,2018-06-11
Alnus,2018-06-12
Alnus,2018-06-13
Alnus,2018-06-14
Alnus,2018-06-15
Alnus,2018-06-16
Alnus,2018-06-17
Alnus,2018-06-18
Alnus,2018-06-19
Alnus,2018-06-20
Alnus,2018-06-21
Alnus,2018-06-22
Alnus,2018-06-23
Alnus,2018-06-24
Alnus,2018-06-25
Alnus,2018-06-26
Alnus,2018-06-27
Alnus,2018-06-28
Alnus,2018-06-29
Alnus,2018-06-30
Alnus,2018-07-01
Alnus,2018-07-02
Alnus,2018-07-03
Alnus,2018-07-04
Alnus,2018-07-05
Alnus,2018-07-06
Alnus,2018-07-07
Alnus,2018-07-08
Alnus,2018-07-09
Alnus,2018-07-10
Alnus,2018-07-11
Alnus,2018-07-12
Alnus,2018-07-13
Alnus,2018-07-14
Alnus,2018-07-15
Alnus,2018-07-16
Alnus,2018-07-17
Alnus,2018-07-18
Alnus,2018-07-19
Alnus,2018-07-20
Alnus,2018-07-21
Alnus,2018-07-22
Alnus,2018-07-23
Alnus,2018-07-24
Alnus,2018-07-25
Alnus,2018-07-26
Alnus,2018-07-27
Alnus,2018-07-28
Alnus,2018-07-29
Alnus,2018-07-30
Alnus,2018-07-31
Alnus,2018-08-01
Alnus,2018-08-02
Alnus,2018-08-03
Alnus,2018-08-04
Alnus,2018-08-05
Alnus,2018-08-06
Alnus,2018-08-07
Alnus,2018-08-08
Alnus,2018-08-09
Alnus,2018-08-10
Alnus,2018-08-11
Alnus,2018-08-12
Alnus,2018-08-13
Alnus,2018-08-14
Alnus,2018-08-15
Alnus,2018-08-16
Alnus,2018-08-17
Alnus,2018-08-18
Alnus,2018-08-19
Alnus,2018-08-20
Alnus,2018-08-21
Alnus,2018-08-22
Alnus,2018-08-23
Alnus,2018-08-24
Alnus,2018-08-25
Alnus,2018-08-26
Alnus,2018-08-27
Alnus,2018-08-28
Alnus,2018-08-29
Alnus,2018-08-30
Alnus,2018-08-31
Alnus,2018-09-01
Alnus,2018-09-02
Alnus,2018-09-03
Alnus,2018-09-04
Alnus,2018-09-05
Alnus,2018-09-06
Alnus,2018-09-07
Alnus,2018-09-08
Alnus,2018-09-09
Alnus,2018-09-10
Alnus,2018-09-11
Alnus,2018-09-12
Alnus,2018-09-13
Alnus,2018-09-14
Alnus,2018-09-15
Alnus,2018-09-16
Alnus,2018-09-17
Alnus,2018-09-18
Alnus,2018-09-19
Alnus,2018-09-20
Alnus,2018-09-21
Alnus,2018-09-22
Alnus,2018-09-23
Alnus,2018-09-24
Alnus,2018-09-25
Alnus,2018-09-26
Alnus,2018-09-27
Alnus,2018-09-28
Alnus,2018-09-29
Alnus,2018-09-30
Alnus,2018-10-01
Alnus,2018-10-02
Alnus,2018-10-03
Alnus,2018-10-04
Alnus,2018-10-05
Alnus,2018-10-06
Alnus,2018-10-07
Alnus,2018-10-08
Alnus,2018-10-09
Alnus,2018-10-10
Alnus,2018-10-11
Alnus,2018-10-12
Alnus,2018-10-13
Alnus,2018-10-14
Alnus,2018-10-15
Alnus,2018-10-16
Alnus,2018-10-17
Alnus,2018-10-18
Alnus,2018-10-19
Alnus,2018-10-20
Alnus,2018-10-21
Alnus,2018-10-22
Alnus,2018-10-23
Alnus,2018-10-24
Alnus,2018-10-25
Alnus,2018-10-26
Alnus,2018-10-27
Alnus,2018-10-28
Alnus,2018-10-29
Alnus,2018-10-30
Alnus,2018-10-31
Alnus,2018-11-01
Alnus,2018-11-02
Alnus,2018-11-03
Alnus,2018-11-04
Alnus,2018-11-05
Alnus,2018-11-06
Alnus,2018-11-07
Alnus,2018-11-08
Alnus,2018-11-09
Alnus,2018-11-10
Alnus,2018-11-11
Alnus,2018-11-12
Alnus,2018-11-13
Alnus,2018-11-14
Alnus,2018-11-15
Alnus,2018-11-16
Alnus,2018-11-17
Alnus,2018-11-18
Alnus,2018-11-19
Alnus,2018-11-20
Alnus,2018-11-21
Alnus,2018-11-22
Alnus,2018-11-23
Alnus,2018-11-24
Alnus,2018-11-25
Alnus,2018-11-26
Alnus,2018-11-27
Alnus,2018-11-28
Alnus,2018-11-29
Alnus,2018-11-30
Alnus,2018-12-01
Alnus,2018-12-02
Alnus,2018-12-03
Alnus,2018-12-04
Alnus,2018-12-05
Alnus,2018-12-06
Alnus,2018-12-07
Alnus,2018-12-08
Alnus,2018-12-09
Alnus,2018-12-10
Alnus,2018-12-11
Alnus,2018-12-12
Alnus,2018-12-13
Alnus,2018-12-14
Alnus,2018-12-15
Alnus,2018-12-16
Alnus,2018-12-17
Alnus,2018-12-18
Alnus,2018-12-19
Alnus,2018-12-20
Alnus,2018-12-21
Alnus,2018-12-22
Alnus,2018-12-23
Alnus,2018-12-24
Alnus,2018-12-25
Alnus,2018-12-26
Alnus,2018-12-27
Alnus,2018-12-28
Alnus,2018-12-29
Alnus,2018-12-30
Alnus,2018-12-31
Ambrosia,2017-01-01
Ambrosia,2017-01-02
Ambrosia,2017-01-03
Ambrosia,2017-01-04
Ambrosia,2017-01-05
Ambrosia,2017-01-06
Ambrosia,2017-01-07
Ambrosia,2017-01-08
Ambrosia,2017-01-09
Ambrosia,2017-01-10
Ambrosia,2017-01-11
Ambrosia,2017-01-12
Ambrosia,2017-01-13
Ambrosia,2017-01-14
Ambrosia,2017-01-15
Ambrosia,2017-01-16
Ambrosia,2017-01-17
Ambrosia,2017-01-18
Ambrosia,2017-01-19
Ambrosia,2017-01-20
Ambrosia,2017-01-21
Ambrosia,2017-01-22
Ambrosia,2017-01-23
Ambrosia,2017-01-24
Ambrosia,2017-01-25
Ambrosia,2017-01-26
Ambrosia,2017-01-27
Ambrosia,2017-01-28
Ambrosia,2017-01-29
Ambrosia,2017-01-30
Ambrosia,2017-01-31
Ambrosia,2017-02-01
Ambrosia,2017-02-02
Ambrosia,2017-02-03
Ambrosia,2017-02-04
Ambrosia,2017-02-05
Ambrosia,2017-02-06
Ambrosia,2017-02-07
Ambrosia,2017-02-08
Ambrosia,2017-02-09
Ambrosia,2017-02-10
Ambrosia,2017-02-11
Ambrosia,2017-02-12
Ambrosia,2017-02-13
Ambrosia,2017-02-14
Ambrosia,2017-02-15
Ambrosia,2017-02-16
Ambrosia,2017-02-17
Ambrosia,2017-02-18
Ambrosia,2017-02-19
Ambrosia,2017-02-20
Ambrosia,2017-02-21
Ambrosia,2017-02-22
Ambrosia,2017-02-23
Ambrosia,2017-02-24
Ambrosia,2017-02-25
Ambrosia,2017-02-26
Ambrosia,2017-02-27
Ambrosia,2017-02-28
Ambrosia,2017-03-01
Ambrosia,2017-03-02
Ambrosia,2017-03-03
Ambrosia,2017-03-04
Ambrosia,2017-03-05
Ambrosia,2017-03-06
Ambrosia,2017-03-07
Ambrosia,2017-03-08
Ambrosia,2017-03-09
Ambrosia,2017-03-10
Ambrosia,2017-03-11
Ambrosia,2017-03-12
Ambrosia,2017-03-13
Ambrosia,2017-03-14
Ambrosia,2017-03-15
Ambrosia,2017-03-16
Ambrosia,2017-03-17
Ambrosia,2017-03-18
Ambrosia,2017-03-19
Ambrosia,2017-03-20
Ambrosia,2017-03-21
Ambrosia,2017-03-22
Ambrosia,2017-03-23
Ambrosia,2017-03-24
Ambrosia,2017-03-25
Ambrosia,2017-03-26
Ambrosia,2017-03-27
Ambrosia,2017-03-28
Ambrosia,2017-03-29
Ambrosia,2017-03-30
Ambrosia,2017-03-31
Ambrosia,2017-04-01
Ambrosia,2017-04-02
Ambrosia,2017-04-03
Ambrosia,2017-04-04
Ambrosia,2017-04-05
Ambrosia,2017-04-06
Ambrosia,2017-04-07
Ambrosia,2017-04-08
Ambrosia,2017-04-09
Ambrosia,2017-04-10
Ambrosia,2017-04-11
Ambrosia,2017-04-12
Ambrosia,2017-04-13
Ambrosia,2017-04-14
Ambrosia,2017-04-15
Ambrosia,2017-04-16
Ambrosia,2017-04-17
Ambrosia,2017-04-18
Ambrosia,2017-04-19
Ambrosia,2017-04-20
Ambrosia,2017-04-21
Ambrosia,2017-04-22
Ambrosia,2017-04-23
Ambrosia,2017-04-24
Ambrosia,2017-04-25
Ambrosia,2017-04-26
Ambrosia,2017-04-27
Ambrosia,2017-04-28
Ambrosia,2017-04-29
Ambrosia,2017-04-30
Ambrosia,2017-05-01
Ambrosia,2017-05-02
Ambrosia,2017-05-03
Ambrosia,2017-05-04
Ambrosia,2017-05-05
Ambrosia,2017-05-06
Ambrosia,2017-05-07
Ambrosia,2017-05-08
Ambrosia,2017-05-09
Ambrosia,2017-05-10
Ambrosia,2017-05-11
Ambrosia,2017-05-12
Ambrosia,2017-05-13
Ambrosia,2017-05-14
Ambrosia,2017-05-15
Ambrosia,2017-05-16
Ambrosia,2017-05-17
Ambrosia,2017-05-18
Ambrosia,2017-05-19
Ambrosia,2017-05-20
Ambrosia,2017-05-21
Ambrosia,2017-05-22
Ambrosia,2017-05-23
Ambrosia,2017-05-24
Ambrosia,2017-05-25
Ambrosia,2017-05-26
Ambrosia,2017-05-27
Ambrosia,2017-05-28
Ambrosia,2017-05-29
Ambrosia,2017-05-30
Ambrosia,2017-05-31
Ambrosia,2017-06-01
Ambrosia,2017-06-02
Ambrosia,2017-06-03
Ambrosia,2017-06-04
Ambrosia,2017-06-05
Ambrosia,2017-06-06
Ambrosia,2017-06-07
Ambrosia,2017-06-08
Ambrosia,2017-06-09
Ambrosia,2017-06-10
Ambrosia,2017-06-11
Ambrosia,2017-06-12
Ambrosia,2017-06-13
Ambrosia,2017-06-14
Ambrosia,2017-06-15
Ambrosia,2017-06-16
Ambrosia,2017-06-17
Ambrosia,2017-06-18
Ambrosia,2017-06-19
Ambrosia,2017-06-20
Ambrosia,2017-06-21
Ambrosia,2017-06-22
Ambrosia,2017-06-23
Ambrosia,2017-06-24
Ambrosia,2017-06-25
Ambrosia,2017-06-26
Ambrosia,2017-06-27
Ambrosia,2017-06-28
Ambrosia,2017-06-29
Ambrosia,2017-06-30
Ambrosia,2017-07-01
Ambrosia,2017-07-02
Ambrosia,2017-07-03
Ambrosia,2017-07-04
Ambrosia,2017-07-05
Ambrosia,2017-07-06
Ambrosia,2017-07-07
Ambrosia,2017-07-08
Ambrosia,2017-07-09
Ambrosia,2017-07-10
Ambrosia,2017-07-11
Ambrosia,2017-07-12
Ambrosia,2017-07-13
Ambrosia,2017-07-14
Ambrosia,2017-07-15
Ambrosia,2017-07-16
Ambrosia,2017-07-17
Ambrosia,2017-07-18
Ambrosia,2017-07-19
Ambrosia,2017-07-20
Ambrosia,2017-07-21
Ambrosia,2017-07-22
Ambrosia,2017-07-23
Ambrosia,2017-07-24
Ambrosia,2017-07-25
Ambrosia,2017-07-26
Ambrosia,2017-07-27
Ambrosia,2017-07-28
Ambrosia,2017-07-29
Ambrosia,2017-07-30
Ambrosia,2017-07-31
Ambrosia,2017-08-01
Ambrosia,2017-08-02
Ambrosia,2017-08-03
Ambrosia,2017-08-04
Ambrosia,2017-08-05
Ambrosia,2017-08-06
Ambrosia,2017-08-07
Ambrosia,2017-08-08
Ambrosia,2017-08-09
Ambrosia,2017-08-10
Ambrosia,2017-08-11
Ambrosia,2017-08-12
Ambrosia,2017-08-13
Ambrosia,2017-08-14
Ambrosia,2017-08-15
Ambrosia,2017-08-16
Ambrosia,2017-08-17
Ambrosia,2017-08-18
Ambrosia,2017-08-19
Ambrosia,2017-08-20
Ambrosia,2017-08-21
Ambrosia,2017-08-22
Ambrosia,2017-08-23
Ambrosia,2017-08-24
Ambrosia,2017-08-25
Ambrosia,2017-08-26
Ambrosia,2017-08-27
Ambrosia,2017-08-28
Ambrosia,2017-08-29
Ambrosia,2017-08-30
Ambrosia,2017-08-31
Ambrosia,2017-09-01
Ambrosia,2017-09-02
Ambrosia,2017-09-03
Ambrosia,2017-09-04
Ambrosia,2017-09-05
Ambrosia,2017-09-06
Ambrosia,2017-09-07
Ambrosia,2017-09-08
Ambrosia,2017-09-09
Ambrosia,2017-09-10
Ambrosia,2017-09-11
Ambrosia,2017-09-12
Ambrosia,2017-09-13
Ambrosia,2017-09-14
Ambrosia,2017-09-15
Ambrosia,2017-09-16
Ambrosia,2017-09-17
Ambrosia,2017-09-18
Ambrosia,2017-09-19
Ambrosia,2017-09-20
Ambrosia,2017-09-21
Ambrosia,2017-09-22
Ambrosia,2017-09-23
Ambrosia,2017-09-24
Ambrosia,2017-09-25
Ambrosia,2017-09-26
Ambrosia,2017-09-27
Ambrosia,2017-09-28
Ambrosia,2017-09-29
Ambrosia,2017-09-30
Ambrosia,2017-10-01
Ambrosia,2017-10-02
Ambrosia,2017-10-03
Ambrosia,2017-10-04
Ambrosia,2017-10-05
Ambrosia,2017-10-06
Ambrosia,2017-10-07
Ambrosia,2017-10-08
Ambrosia,2017-10-09
Ambrosia,2017-10-10
Ambrosia,2017-10-11
Ambrosia,2017-10-12
Ambrosia,2017-10-13
Ambrosia,2017-10-14
Ambrosia,2017-10-15
Ambrosia,2017-10-16
Ambrosia,2017-10-17
Ambrosia,2017-10-18
Ambrosia,2017-10-19
Ambrosia,2017-10-20
Ambrosia,2017-10-21
Ambrosia,2017-10-22
Ambrosia,2017-10-23
Ambrosia,2017-10-24
Ambrosia,2017-10-25
Ambrosia,2017-10-26
Ambrosia,2017-10-27
Ambrosia,2017-10-28
Ambrosia,2017-10-29
Ambrosia,2017-10-30
Ambrosia,2017-10-31
Ambrosia,2017-11-01
Ambrosia,2017-11-02
Ambrosia,2017-11-03
Ambrosia,2017-11-04
Ambrosia,2017-11-05
Ambrosia,2017-11-06
Ambrosia,2017-11-07
Ambrosia,2017-11-08
Ambrosia,2017-11-09
Ambrosia,2017-11-10
Ambrosia,2017-11-11
Ambrosia,2017-11-12
Ambrosia,2017-11-13
Ambrosia,2017-11-14
Ambrosia,2017-11-15
Ambrosia,2017-11-16
Ambrosia,2017-11-17
Ambrosia,2017-11-18
Ambrosia,2017-11-19
Ambrosia,2017-11-20
Ambrosia,2017-11-21
Ambrosia,2017-11-22
Ambrosia,2017-11-23
Ambrosia,2017-11-24
Ambrosia,2017-11-25
Ambrosia,2017-11-26
Ambrosia,2017-11-27
Ambrosia,2017-11-28
Ambrosia,2017-11-29
Ambrosia,2017-11-30
Ambrosia,2017-12-01
Ambrosia,2017-12-02
Ambrosia,2017-12-03
Ambrosia,2017-12-04
Ambrosia,2017-12-05
Ambrosia,2017-12-06
Ambrosia,2017-12-07
Ambrosia,2017-12-08
Ambrosia,2017-12-09
Ambrosia,2017-12-10
Ambrosia,2017-12-11
Ambrosia,2017-12-12
Ambrosia,2017-12-13
Ambrosia,2017-12-14
Ambrosia,2017-12-15
Ambrosia,2017-12-16
Ambrosia,2017-12-17
Ambrosia,2017-12-18
Ambrosia,2017-12-19
Ambrosia,2017-12-20
Ambrosia,2017-12-21
Ambrosia,2017-12-22
Ambrosia,2017-12-23
Ambrosia,2017-12-24
Ambrosia,2017-12-25
Ambrosia,2017-12-26
Ambrosia,2017-12-27
Ambrosia,2017-12-28
Ambrosia,2017-12-29
Ambrosia,2017-12-30
Ambrosia,2017-12-31
Ambrosia,2018-01-01
Ambrosia,2018-01-02
Ambrosia,2018-01-03
Ambrosia,2018-01-04
Ambrosia,2018-01-05
Ambrosia,2018-01-06
Ambrosia,2018-01-07
Ambrosia,2018-01-08
Ambrosia,2018-01-09
Ambrosia,2018-01-10
Ambrosia,2018-01-11
Ambrosia,2018-01-12
Ambrosia,2018-01-13
Ambrosia,2018-01-14
Ambrosia,2018-01-15
Ambrosia,2018-01-16
Ambrosia,2018-01-17
Ambrosia,2018-01-18
Ambrosia,2018-01-19
Ambrosia,2018-01-20
Ambrosia,2018-01-21
Ambrosia,2018-01-22
Ambrosia,2018-01-23
Ambrosia,2018-01-24
Ambrosia,2018-01-25
Ambrosia,2018-01-26
Ambrosia,2018-01-27
Ambrosia,2018-01-28
Ambrosia,2018-01-29
Ambrosia,2018-01-30
Ambrosia,2018-01-31
Ambrosia,2018-02-01
Ambrosia,2018-02-02
Ambrosia,2018-02-03
Ambrosia,2018-02-04
Ambrosia,2018-02-05
Ambrosia,2018-02-06
Ambrosia,2018-02-07
Ambrosia,2018-02-08
Ambrosia,2018-02-09
Ambrosia,2018-02-10
Ambrosia,2018-02-11
Ambrosia,2018-02-12
Ambrosia,2018-02-13
Ambrosia,2018-02-14
Ambrosia,2018-02-15
Ambrosia,2018-02-16
Ambrosia,2018-02-17
Ambrosia,2018-02-18
Ambrosia,2018-02-19
Ambrosia,2018-02-20
Ambrosia,2018-02-21
Ambrosia,2018-02-22
Ambrosia,2018-02-23
Ambrosia,2018-02-24
Ambrosia,2018-02-25
Ambrosia,2018-02-26
Ambrosia,2018-02-27
Ambrosia,2018-02-28
Ambrosia,2018-03-01
Ambrosia,2018-03-02
Ambrosia,2018-03-03
Ambrosia,2018-03-04
Ambrosia,2018-03-05
Ambrosia,2018-03-06
Ambrosia,2018-03-07
Ambrosia,2018-03-08
Ambrosia,2018-03-09
Ambrosia,2018-03-10
Ambrosia,2018-03-11
Ambrosia,2018-03-12
Ambrosia,2018-03-13
Ambrosia,2018-03-14
Ambrosia,2018-03-15
Ambrosia,2018-03-16
Ambrosia,2018-03-17
Ambrosia,2018-03-18
Ambrosia,2018-03-19
Ambrosia,2018-03-20
Ambrosia,2018-03-21
Ambrosia,2018-03-22
Ambrosia,2018-03-23
Ambrosia,2018-03-24
Ambrosia,2018-03-25
Ambrosia,2018-03-26
Ambrosia,2018-03-27
Ambrosia,2018-03-28
Ambrosia,2018-03-29
Ambrosia,2018-03-30
Ambrosia,2018-03-31
Ambrosia,2018-04-01
Ambrosia,2018-04-02
Ambrosia,2018-04-03
Ambrosia,2018-04-04
Ambrosia,2018-04-05
Ambrosia,2018-04-06
Ambrosia,2018-04-07
Ambrosia,2018-04-08
Ambrosia,2018-04-09
Ambrosia,2018-04-10
Ambrosia,2018-04-11
Ambrosia,2018-04-12
Ambrosia,2018-04-13
Ambrosia,2018-04-14
Ambrosia,2018-04-15
Ambrosia,2018-04-16
Ambrosia,2018-04-17
Ambrosia,2018-04-18
Ambrosia,2018-04-19
Ambrosia,2018-04-20
Ambrosia,2018-04-21
Ambrosia,2018-04-22
Ambrosia,2018-04-23
Ambrosia,2018-04-24
Ambrosia,2018-04-25
Ambrosia,2018-04-26
Ambrosia,2018-04-27
Ambrosia,2018-04-28
Ambrosia,2018-04-29
Ambrosia,2018-04-30
Ambrosia,2018-05-01
Ambrosia,2018-05-02
Ambrosia,2018-05-03
Ambrosia,2018-05-04
Ambrosia,2018-05-05
Ambrosia,2018-05-06
Ambrosia,2018-05-07
Ambrosia,2018-05-08
Ambrosia,2018-05-09
Ambrosia,2018-05-10
Ambrosia,2018-05-11
Ambrosia,2018-05-12
Ambrosia,2018-05-13
Ambrosia,2018-05-14
Ambrosia,2018-05-15
Ambrosia,2018-05-16
Ambrosia,2018-05-17
Ambrosia,2018-05-18
Ambrosia,2018-05-19
Ambrosia,2018-05-20
Ambrosia,2018-05-21
Ambrosia,2018-05-22
Ambrosia,2018-05-23
Ambrosia,2018-05-24
Ambrosia,2018-05-25
Ambrosia,2018-05-26
Ambrosia,2018-05-27
Ambrosia,2018-05-28
Ambrosia,2018-05-29
Ambrosia,2018-05-30
Ambrosia,2018-05-31
Ambrosia,2018-06-01
Ambrosia,2018-06-02
Ambrosia,2018-06-03
Ambrosia,2018-06-04
Ambrosia,2018-06-05
Ambrosia,2018-06-06
Ambrosia,2018-06-07
Ambrosia,2018-06-08
Ambrosia,2018-06-09
Ambrosia,2018-06-10
Ambrosia,2018-06-11
Ambrosia,2018-06-12
Ambrosia,2018-06-13
Ambrosia,2018-06-14
Ambrosia,2018-06-15
Ambrosia,2018-06-16
Ambrosia,2018-06-17
Ambrosia,2018-06-18
Ambrosia,2018-06-19
Ambrosia,2018-06-20
Ambrosia,2018-06-21
Ambrosia,2018-06-22
Ambrosia,2018-06-23
Ambrosia,2018-06-24
Ambrosia,2018-06-25
Ambrosia,2018-06-26
Ambrosia,2018-06-27
Ambrosia,2018-06-28
Ambrosia,2018-06-29
Ambrosia,2018-06-30
Ambrosia,2018-07-01
Ambrosia,2018-07-02
Ambrosia,2018-07-03
Ambrosia,2018-07-04
Ambrosia,2018-07-05
Ambrosia,2018-07-06
Ambrosia,2018-07-07
Ambrosia,2018-07-08
Ambrosia,2018-07-09
Ambrosia,2018-07-10
Ambrosia,2018-07-11
Ambrosia,2018-07-12
Ambrosia,2018-07-13
Ambrosia,2018-07-14
Ambrosia,2018-07-15
Ambrosia,2018-07-16
Ambrosia,2018-07-17
Ambrosia,2018-07-18
Ambrosia,2018-07-19
Ambrosia,2018-07-20
Ambrosia,2018-07-21
Ambrosia,2018-07-22
Ambrosia,2018-07-23
Ambrosia,2018-07-24
Ambrosia,2018-07-25
Ambrosia,2018-07-26
Ambrosia,2018-07-27
Ambrosia,2018-07-28
Ambrosia,2018-07-29
Ambrosia,2018-07-30
Ambrosia,2018-07-31
Ambrosia,2018-08-01
Ambrosia,2018-08-02
Ambrosia,2018-08-03
Ambrosia,2018-08-04
Ambrosia,2018-08-05
Ambrosia,2018-08-06
Ambrosia,2018-08-07
Ambrosia,2018-08-08
Ambrosia,2018-08-09
Ambrosia,2018-08-10
Ambrosia,2018-08-11
Ambrosia,2018-08-12
Ambrosia,2018-08-13
Ambrosia,2018-08-14
Ambrosia,2018-08-15
Ambrosia,2018-08-16
Ambrosia,2018-08-17
Ambrosia,2018-08-18
Ambrosia,2018-08-19
Ambrosia,2018-08-20
Ambrosia,2018-08-21
Ambrosia,2018-08-22
Ambrosia,2018-08-23
Ambrosia,2018-08-24
Ambrosia,2018-08-25
Ambrosia,2018-08-26
Ambrosia,2018-08-27
Ambrosia,2018-08-28
Ambrosia,2018-08-29
Ambrosia,2018-08-30
Ambrosia,2018-08-31
Ambrosia,2018-09-01
Ambrosia,2018-09-02
Ambrosia,2018-09-03
Ambrosia,2018-09-04
Ambrosia,2018-09-05
Ambrosia,2018-09-06
Ambrosia,2018-09-07
Ambrosia,2018-09-08
Ambrosia,2018-09-09
Ambrosia,2018-09-10
Ambrosia,2018-09-11
Ambrosia,2018-09-12
Ambrosia,2018-09-13
Ambrosia,2018-09-14
Ambrosia,2018-09-15
Ambrosia,2018-09-16
Ambrosia,2018-09-17
Ambrosia,2018-09-18
Ambrosia,2018-09-19
Ambrosia,2018-09-20
Ambrosia,2018-09-21
Ambrosia,2018-09-22
Ambrosia,2018-09-23
Ambrosia,2018-09-24
Ambrosia,2018-09-25
Ambrosia,2018-09-26
Ambrosia,2018-09-27
Ambrosia,2018-09-28
Ambrosia,2018-09-29
Ambrosia,2018-09-30
Ambrosia,2018-10-01
Ambrosia,2018-10-02
Ambrosia,2018-10-03
Ambrosia,2018-10-04
Ambrosia,2018-10-05
Ambrosia,2018-10-06
Ambrosia,2018-10-07
Ambrosia,2018-10-08
Ambrosia,2018-10-09
Ambrosia,2018-10-10
Ambrosia,2018-10-11
Ambrosia,2018-10-12
Ambrosia,2018-10-13
Ambrosia,2018-10-14
Ambrosia,2018-10-15
Ambrosia,2018-10-16
Ambrosia,2018-10-17
Ambrosia,2018-10-18
Ambrosia,2018-10-19
Ambrosia,2018-10-20
Ambrosia,2018-10-21
Ambrosia,2018-10-22
Ambrosia,2018-10-23
Ambrosia,2018-10-24
Ambrosia,2018-10-25
Ambrosia,2018-10-26
Ambrosia,2018-10-27
Ambrosia,2018-10-28
Ambrosia,2018-10-29
Ambrosia,2018-10-30
Ambrosia,2018-10-31
Ambrosia,2018-11-01
Ambrosia,2018-11-02
Ambrosia,2018-11-03
Ambrosia,2018-11-04
Ambrosia,2018-11-05
Ambrosia,2018-11-06
Ambrosia,2018-11-07
Ambrosia,2018-11-08
Ambrosia,2018-11-09
Ambrosia,2018-11-10
Ambrosia,2018-11-11
Ambrosia,2018-11-12
Ambrosia,2018-11-13
Ambrosia,2018-11-14
Ambrosia,2018-11-15
Ambrosia,2018-11-16
Ambrosia,2018-11-17
Ambrosia,2018-11-18
Ambrosia,2018-11-19
Ambrosia,2018-11-20
Ambrosia,2018-11-21
Ambrosia,2018-11-22
Ambrosia,2018-11-23
Ambrosia,2018-11-24
Ambrosia,2018-11-25
Ambrosia,2018-11-26
Ambrosia,2018-11-27
Ambrosia,2018-11-28
Ambrosia,2018-11-29
Ambrosia,2018-11-30
Ambrosia,2018-12-01
Ambrosia,2018-12-02
Ambrosia,2018-12-03
Ambrosia,2018-12-04
Ambrosia,2018-12-05
Ambrosia,2018-12-06
Ambrosia,2018-12-07
Ambrosia,2018-12-08
Ambrosia,2018-12-09
Ambrosia,2018-12-10
Ambrosia,2018-12-11
Ambrosia,2018-12-12
Ambrosia,2018-12-13
Ambrosia,2018-12-14
Ambrosia,2018-12-15
Ambrosia,2018-12-16
Ambrosia,2018-12-17
Ambrosia,2018-12-18
Ambrosia,2018-12-19
Ambrosia,2018-12-20
Ambrosia,2018-12-21
Ambrosia,2018-12-22
Ambrosia,2018-12-23
Ambrosia,2018-12-24
Ambrosia,2018-12-25
Ambrosia,2018-12-26
Ambrosia,2018-12-27
Ambrosia,2018-12-28
Ambrosia,2018-12-29
Ambrosia,2018-12-30
Ambrosia,2018-12-31
Artemisia,2017-01-01
Artemisia,2017-01-02
Artemisia,2017-01-03
Artemisia,2017-01-04
Artemisia,2017-01-05
Artemisia,2017-01-06
Artemisia,2017-01-07
Artemisia,2017-01-08
Artemisia,2017-01-09
Artemisia,2017-01-10
Artemisia,2017-01-11
Artemisia,2017-01-12
Artemisia,2017-01-13
Artemisia,2017-01-14
Artemisia,2017-01-15
Artemisia,2017-01-16
Artemisia,2017-01-17
Artemisia,2017-01-18
Artemisia,2017-01-19
Artemisia,2017-01-20
Artemisia,2017-01-21
Artemisia,2017-01-22
Artemisia,2017-01-23
Artemisia,2017-01-24
Artemisia,2017-01-25
Artemisia,2017-01-26
Artemisia,2017-01-27
Artemisia,2017-01-28
Artemisia,2017-01-29
Artemisia,2017-01-30
Artemisia,2017-01-31
Artemisia,2017-02-01
Artemisia,2017-02-02
Artemisia,2017-02-03
Artemisia,2017-02-04
Artemisia,2017-02-05
Artemisia,2017-02-06
Artemisia,2017-02-07
Artemisia,2017-02-08
Artemisia,2017-02-09
Artemisia,2017-02-10
Artemisia,2017-02-11
Artemisia,2017-02-12
Artemisia,2017-02-13
Artemisia,2017-02-14
Artemisia,2017-02-15
Artemisia,2017-02-16
Artemisia,2017-02-17
Artemisia,2017-02-18
Artemisia,2017-02-19
Artemisia,2017-02-20
Artemisia,2017-02-21
Artemisia,2017-02-22
Artemisia,2017-02-23
Artemisia,2017-02-24
Artemisia,2017-02-25
Artemisia,2017-02-26
Artemisia,2017-02-27
Artemisia,2017-02-28
Artemisia,2017-03-01
Artemisia,2017-03-02
Artemisia,2017-03-03
Artemisia,2017-03-04
Artemisia,2017-03-05
Artemisia,2017-03-06
Artemisia,2017-03-07
Artemisia,2017-03-08
Artemisia,2017-03-09
Artemisia,2017-03-10
Artemisia,2017-03-11
Artemisia,2017-03-12
Artemisia,2017-03-13
Artemisia,2017-03-14
Artemisia,2017-03-15
Artemisia,2017-03-16
Artemisia,2017-03-17
Artemisia,2017-03-18
Artemisia,2017-03-19
Artemisia,2017-03-20
Artemisia,2017-03-21
Artemisia,2017-03-22
Artemisia,2017-03-23
Artemisia,2017-03-24
Artemisia,2017-03-25
Artemisia,2017-03-26
Artemisia,2017-03-27
Artemisia,2017-03-28
Artemisia,2017-03-29
Artemisia,2017-03-30
Artemisia,2017-03-31
Artemisia,2017-04-01
Artemisia,2017-04-02
Artemisia,2017-04-03
Artemisia,2017-04-04
Artemisia,2017-04-05
Artemisia,2017-04-06
Artemisia,2017-04-07
Artemisia,2017-04-08
Artemisia,2017-04-09
Artemisia,2017-04-10
Artemisia,2017-04-11
Artemisia,2017-04-12
Artemisia,2017-04-13
Artemisia,2017-04-14
Artemisia,2017-04-15
Artemisia,2017-04-16
Artemisia,2017-04-17
Artemisia,2017-04-18
Artemisia,2017-04-19
Artemisia,2017-04-20
Artemisia,2017-04-21
Artemisia,2017-04-22
Artemisia,2017-04-23
Artemisia,2017-04-24
Artemisia,2017-04-25
Artemisia,2017-04-26
Artemisia,2017-04-27
Artemisia,2017-04-28
Artemisia,2017-04-29
Artemisia,2017-04-30
Artemisia,2017-05-01
Artemisia,2017-05-02
Artemisia,2017-05-03
Artemisia,2017-05-04
Artemisia,2017-05-05
Artemisia,2017-05-06
Artemisia,2017-05-07
Artemisia,2017-05-08
Artemisia,2017-05-09
Artemisia,2017-05-10
Artemisia,2017-05-11
Artemisia,2017-05-12
Artemisia,2017-05-13
Artemisia,2017-05-14
Artemisia,2017-05-15
Artemisia,2017-05-16
Artemisia,2017-05-17
Artemisia,2017-05-18
Artemisia,2017-05-19
Artemisia,2017-05-20
Artemisia,2017-05-21
Artemisia,2017-05-22
Artemisia,2017-05-23
Artemisia,2017-05-24
Artemisia,2017-05-25
Artemisia,2017-05-26
Artemisia,2017-05-27
Artemisia,2017-05-28
Artemisia,2017-05-29
Artemisia,2017-05-30
Artemisia,2017-05-31
Artemisia,2017-06-01
Artemisia,2017-06-02
Artemisia,2017-06-03
Artemisia,2017-06-04
Artemisia,2017-06-05
Artemisia,2017-06-06
Artemisia,2017-06-07
Artemisia,2017-06-08
Artemisia,2017-06-09
Artemisia,2017-06-10
Artemisia,2017-06-11
Artemisia,2017-06-12
Artemisia,2017-06-13
Artemisia,2017-06-14
Artemisia,2017-06-15
Artemisia,2017-06-16
Artemisia,2017-06-17
Artemisia,2017-06-18
Artemisia,2017-06-19
Artemisia,2017-06-20
Artemisia,2017-06-21
Artemisia,2017-06-22
Artemisia,2017-06-23
Artemisia,2017-06-24
Artemisia,2017-06-25
Artemisia,2017-06-26
Artemisia,2017-06-27
Artemisia,2017-06-28
Artemisia,2017-06-29
Artemisia,2017-06-30
Artemisia,2017-07-01
Artemisia,2017-07-02
Artemisia,2017-07-03
Artemisia,2017-07-04
Artemisia,2017-07-05
Artemisia,2017-07-06
Artemisia,2017-07-07
Artemisia,2017-07-08
Artemisia,2017-07-09
Artemisia,2017-07-10
Artemisia,2017-07-11
Artemisia,2017-07-12
Artemisia,2017-07-13
Artemisia,2017-07-14
Artemisia,2017-07-15
Artemisia,2017-07-16
Artemisia,2017-07-17
Artemisia,2017-07-18
Artemisia,2017-07-19
Artemisia,2017-07-20
Artemisia,2017-07-21
Artemisia,2017-07-22
Artemisia,2017-07-23
Artemisia,2017-07-24
Artemisia,2017-07-25
Artemisia,2017-07-26
Artemisia,2017-07-27
Artemisia,2017-07-28
Artemisia,2017-07-29
Artemisia,2017-07-30
Artemisia,2017-07-31
Artemisia,2017-08-01
Artemisia,2017-08-02
Artemisia,2017-08-03
Artemisia,2017-08-04
Artemisia,2017-08-05
Artemisia,2017-08-06
Artemisia,2017-08-07
Artemisia,2017-08-08
Artemisia,2017-08-09
Artemisia,2017-08-10
Artemisia,2017-08-11
Artemisia,2017-08-12
Artemisia,2017-08-13
Artemisia,2017-08-14
Artemisia,2017-08-15
Artemisia,2017-08-16
Artemisia,2017-08-17
Artemisia,2017-08-18
Artemisia,2017-08-19
Artemisia,2017-08-20
Artemisia,2017-08-21
Artemisia,2017-08-22
Artemisia,2017-08-23
Artemisia,2017-08-24
Artemisia,2017-08-25
Artemisia,2017-08-26
Artemisia,2017-08-27
Artemisia,2017-08-28
Artemisia,2017-08-29
Artemisia,2017-08-30
Artemisia,2017-08-31
Artemisia,2017-09-01
Artemisia,2017-09-02
Artemisia,2017-09-03
Artemisia,2017-09-04
Artemisia,2017-09-05
Artemisia,2017-09-06
Artemisia,2017-09-07
Artemisia,2017-09-08
Artemisia,2017-09-09
Artemisia,2017-09-10
Artemisia,2017-09-11
Artemisia,2017-09-12
Artemisia,2017-09-13
Artemisia,2017-09-14
Artemisia,2017-09-15
Artemisia,2017-09-16
Artemisia,2017-09-17
Artemisia,2017-09-18
Artemisia,2017-09-19
Artemisia,2017-09-20
Artemisia,2017-09-21
Artemisia,2017-09-22
Artemisia,2017-09-23
Artemisia,2017-09-24
Artemisia,2017-09-25
Artemisia,2017-09-26
Artemisia,2017-09-27
Artemisia,2017-09-28
Artemisia,2017-09-29
Artemisia,2017-09-30
Artemisia,2017-10-01
Artemisia,2017-10-02
Artemisia,2017-10-03
Artemisia,2017-10-04
Artemisia,2017-10-05
Artemisia,2017-10-06
Artemisia,2017-10-07
Artemisia,2017-10-08
Artemisia,2017-10-09
Artemisia,2017-10-10
Artemisia,2017-10-11
Artemisia,2017-10-12
Artemisia,2017-10-13
Artemisia,2017-10-14
Artemisia,2017-10-15
Artemisia,2017-10-16
Artemisia,2017-10-17
Artemisia,2017-10-18
Artemisia,2017-10-19
Artemisia,2017-10-20
Artemisia,2017-10-21
Artemisia,2017-10-22
Artemisia,2017-10-23
Artemisia,2017-10-24
Artemisia,2017-10-25
Artemisia,2017-10-26
Artemisia,2017-10-27
Artemisia,2017-10-28
Artemisia,2017-10-29
Artemisia,2017-10-30
Artemisia,2017-10-31
Artemisia,2017-11-01
Artemisia,2017-11-02
Artemisia,2017-11-03
Artemisia,2017-11-04
Artemisia,2017-11-05
Artemisia,2017-11-06
Artemisia,2017-11-07
Artemisia,2017-11-08
Artemisia,2017-11-09
Artemisia,2017-11-10
Artemisia,2017-11-11
Artemisia,2017-11-12
Artemisia,2017-11-13
Artemisia,2017-11-14
Artemisia,2017-11-15
Artemisia,2017-11-16
Artemisia,2017-11-17
Artemisia,2017-11-18
Artemisia,2017-11-19
Artemisia,2017-11-20
Artemisia,2017-11-21
Artemisia,2017-11-22
Artemisia,2017-11-23
Artemisia,2017-11-24
Artemisia,2017-11-25
Artemisia,2017-11-26
Artemisia,2017-11-27
Artemisia,2017-11-28
Artemisia,2017-11-29
Artemisia,2017-11-30
Artemisia,2017-12-01
Artemisia,2017-12-02
Artemisia,2017-12-03
Artemisia,2017-12-04
Artemisia,2017-12-05
Artemisia,2017-12-06
Artemisia,2017-12-07
Artemisia,2017-12-08
Artemisia,2017-12-09
Artemisia,2017-12-10
Artemisia,2017-12-11
Artemisia,2017-12-12
Artemisia,2017-12-13
Artemisia,2017-12-14
Artemisia,2017-12-15
Artemisia,2017-12-16
Artemisia,2017-12-17
Artemisia,2017-12-18
Artemisia,2017-12-19
Artemisia,2017-12-20
Artemisia,2017-12-21
Artemisia,2017-12-22
Artemisia,2017-12-23
Artemisia,2017-12-24
Artemisia,2017-12-25
Artemisia,2017-12-26
Artemisia,2017-12-27
Artemisia,2017-12-28
Artemisia,2017-12-29
Artemisia,2017-12-30
Artemisia,2017-12-31
Artemisia,2018-01-01
Artemisia,2018-01-02
Artemisia,2018-01-03
Artemisia,2018-01-04
Artemisia,2018-01-05
Artemisia,2018-01-06
Artemisia,2018-01-07
Artemisia,2018-01-08
Artemisia,2018-01-09
Artemisia,2018-01-10
Artemisia,2018-01-11
Artemisia,2018-01-12
Artemisia,2018-01-13
Artemisia,2018-01-14
Artemisia,2018-01-15
Artemisia,2018-01-16
Artemisia,2018-01-17
Artemisia,2018-01-18
Artemisia,2018-01-19
Artemisia,2018-01-20
Artemisia,2018-01-21
Artemisia,2018-01-22
Artemisia,2018-01-23
Artemisia,2018-01-24
Artemisia,2018-01-25
Artemisia,2018-01-26
Artemisia,2018-01-27
Artemisia,2018-01-28
Artemisia,2018-01-29
Artemisia,2018-01-30
Artemisia,2018-01-31
Artemisia,2018-02-01
Artemisia,2018-02-02
Artemisia,2018-02-03
Artemisia,2018-02-04
Artemisia,2018-02-05
Artemisia,2018-02-06
Artemisia,2018-02-07
Artemisia,2018-02-08
Artemisia,2018-02-09
Artemisia,2018-02-10
Artemisia,2018-02-11
Artemisia,2018-02-12
Artemisia,2018-02-13
Artemisia,2018-02-14
Artemisia,2018-02-15
Artemisia,2018-02-16
Artemisia,2018-02-17
Artemisia,2018-02-18
Artemisia,2018-02-19
Artemisia,2018-02-20
Artemisia,2018-02-21
Artemisia,2018-02-22
Artemisia,2018-02-23
Artemisia,2018-02-24
Artemisia,2018-02-25
Artemisia,2018-02-26
Artemisia,2018-02-27
Artemisia,2018-02-28
Artemisia,2018-03-01
Artemisia,2018-03-02
Artemisia,2018-03-03
Artemisia,2018-03-04
Artemisia,2018-03-05
Artemisia,2018-03-06
Artemisia,2018-03-07
Artemisia,2018-03-08
Artemisia,2018-03-09
Artemisia,2018-03-10
Artemisia,2018-03-11
Artemisia,2018-03-12
Artemisia,2018-03-13
Artemisia,2018-03-14
Artemisia,2018-03-15
Artemisia,2018-03-16
Artemisia,2018-03-17
Artemisia,2018-03-18
Artemisia,2018-03-19
Artemisia,2018-03-20
Artemisia,2018-03-21
Artemisia,2018-03-22
Artemisia,2018-03-23
Artemisia,2018-03-24
Artemisia,2018-03-25
Artemisia,2018-03-26
Artemisia,2018-03-27
Artemisia,2018-03-28
Artemisia,2018-03-29
Artemisia,2018-03-30
Artemisia,2018-03-31
Artemisia,2018-04-01
Artemisia,2018-04-02
Artemisia,2018-04-03
Artemisia,2018-04-04
Artemisia,2018-04-05
Artemisia,2018-04-06
Artemisia,2018-04-07
Artemisia,2018-04-08
Artemisia,2018-04-09
Artemisia,2018-04-10
Artemisia,2018-04-11
Artemisia,2018-04-12
Artemisia,2018-04-13
Artemisia,2018-04-14
Artemisia,2018-04-15
Artemisia,2018-04-16
Artemisia,2018-04-17
Artemisia,2018-04-18
Artemisia,2018-04-19
Artemisia,2018-04-20
Artemisia,2018-04-21
Artemisia,2018-04-22
Artemisia,2018-04-23
Artemisia,2018-04-24
Artemisia,2018-04-25
Artemisia,2018-04-26
Artemisia,2018-04-27
Artemisia,2018-04-28
Artemisia,2018-04-29
Artemisia,2018-04-30
Artemisia,2018-05-01
Artemisia,2018-05-02
Artemisia,2018-05-03
Artemisia,2018-05-04
Artemisia,2018-05-05
Artemisia,2018-05-06
Artemisia,2018-05-07
Artemisia,2018-05-08
Artemisia,2018-05-09
Artemisia,2018-05-10
Artemisia,2018-05-11
Artemisia,2018-05-12
Artemisia,2018-05-13
Artemisia,2018-05-14
Artemisia,2018-05-15
Artemisia,2018-05-16
Artemisia,2018-05-17
Artemisia,2018-05-18
Artemisia,2018-05-19
Artemisia,2018-05-20
Artemisia,2018-05-21
Artemisia,2018-05-22
Artemisia,2018-05-23
Artemisia,2018-05-24
Artemisia,2018-05-25
Artemisia,2018-05-26
Artemisia,2018-05-27
Artemisia,2018-05-28
Artemisia,2018-05-29
Artemisia,2018-05-30
Artemisia,2018-05-31
Artemisia,2018-06-01
Artemisia,2018-06-02
Artemisia,2018-06-03
Artemisia,2018-06-04
Artemisia,2018-06-05
Artemisia,2018-06-06
Artemisia,2018-06-07
Artemisia,2018-06-08
Artemisia,2018-06-09
Artemisia,2018-06-10
Artemisia,2018-06-11
Artemisia,2018-06-12
Artemisia,2018-06-13
Artemisia,2018-06-14
Artemisia,2018-06-15
Artemisia,2018-06-16
Artemisia,2018-06-17
Artemisia,2018-06-18
Artemisia,2018-06-19
Artemisia,2018-06-20
Artemisia,2018-06-21
Artemisia,2018-06-22
Artemisia,2018-06-23
Artemisia,2018-06-24
Artemisia,2018-06-25
Artemisia,2018-06-26
Artemisia,2018-06-27
Artemisia,2018-06-28
Artemisia,2018-06-29
Artemisia,2018-06-30
Artemisia,2018-07-01
Artemisia,2018-07-02
Artemisia,2018-07-03
Artemisia,2018-07-04
Artemisia,2018-07-05
Artemisia,2018-07-06
Artemisia,2018-07-07
Artemisia,2018-07-08
Artemisia,2018-07-09
Artemisia,2018-07-10
Artemisia,2018-07-11
Artemisia,2018-07-12
Artemisia,2018-07-13
Artemisia,2018-07-14
Artemisia,2018-07-15
Artemisia,2018-07-16
Artemisia,2018-07-17
Artemisia,2018-07-18
Artemisia,2018-07-19
Artemisia,2018-07-20
Artemisia,2018-07-21
Artemisia,2018-07-22
Artemisia,2018-07-23
Artemisia,2018-07-24
Artemisia,2018-07-25
Artemisia,2018-07-26
Artemisia,2018-07-27
Artemisia,2018-07-28
Artemisia,2018-07-29
Artemisia,2018-07-30
Artemisia,2018-07-31
Artemisia,2018-08-01
Artemisia,2018-08-02
Artemisia,2018-08-03
Artemisia,2018-08-04
Artemisia,2018-08-05
Artemisia,2018-08-06
Artemisia,2018-08-07
Artemisia,2018-08-08
Artemisia,2018-08-09
Artemisia,2018-08-10
Artemisia,2018-08-11
Artemisia,2018-08-12
Artemisia,2018-08-13
Artemisia,2018-08-14
Artemisia,2018-08-15
Artemisia,2018-08-16
Artemisia,2018-08-17
Artemisia,2018-08-18
Artemisia,2018-08-19
Artemisia,2018-08-20
Artemisia,2018-08-21
Artemisia,2018-08-22
Artemisia,2018-08-23
Artemisia,2018-08-24
Artemisia,2018-08-25
Artemisia,2018-08-26
Artemisia,2018-08-27
Artemisia,2018-08-28
Artemisia,2018-08-29
Artemisia,2018-08-30
Artemisia,2018-08-31
Artemisia,2018-09-01
Artemisia,2018-09-02
Artemisia,2018-09-03
Artemisia,2018-09-04
Artemisia,2018-09-05
Artemisia,2018-09-06
Artemisia,2018-09-07
Artemisia,2018-09-08
Artemisia,2018-09-09
Artemisia,2018-09-10
Artemisia,2018-09-11
Artemisia,2018-09-12
Artemisia,2018-09-13
Artemisia,2018-09-14
Artemisia,2018-09-15
Artemisia,2018-09-16
Artemisia,2018-09-17
Artemisia,2018-09-18
Artemisia,2018-09-19
Artemisia,2018-09-20
Artemisia,2018-09-21
Artemisia,2018-09-22
Artemisia,2018-09-23
Artemisia,2018-09-24
Artemisia,2018-09-25
Artemisia,2018-09-26
Artemisia,2018-09-27
Artemisia,2018-09-28
Artemisia,2018-09-29
Artemisia,2018-09-30
Artemisia,2018-10-01
Artemisia,2018-10-02
Artemisia,2018-10-03
Artemisia,2018-10-04
Artemisia,2018-10-05
Artemisia,2018-10-06
Artemisia,2018-10-07
Artemisia,2018-10-08
Artemisia,2018-10-09
Artemisia,2018-10-10
Artemisia,2018-10-11
Artemisia,2018-10-12
Artemisia,2018-10-13
Artemisia,2018-10-14
Artemisia,2018-10-15
Artemisia,2018-10-16
Artemisia,2018-10-17
Artemisia,2018-10-18
Artemisia,2018-10-19
Artemisia,2018-10-20
Artemisia,2018-10-21
Artemisia,2018-10-22
Artemisia,2018-10-23
Artemisia,2018-10-24
Artemisia,2018-10-25
Artemisia,2018-10-26
Artemisia,2018-10-27
Artemisia,2018-10-28
Artemisia,2018-10-29
Artemisia,2018-10-30
Artemisia,2018-10-31
Artemisia,2018-11-01
Artemisia,2018-11-02
Artemisia,2018-11-03
Artemisia,2018-11-04
Artemisia,2018-11-05
Artemisia,2018-11-06
Artemisia,2018-11-07
Artemisia,2018-11-08
Artemisia,2018-11-09
Artemisia,2018-11-10
Artemisia,2018-11-11
Artemisia,2018-11-12
Artemisia,2018-11-13
Artemisia,2018-11-14
Artemisia,2018-11-15
Artemisia,2018-11-16
Artemisia,2018-11-17
Artemisia,2018-11-18
Artemisia,2018-11-19
Artemisia,2018-11-20
Artemisia,2018-11-21
Artemisia,2018-11-22
Artemisia,2018-11-23
Artemisia,2018-11-24
Artemisia,2018-11-25
Artemisia,2018-11-26
Artemisia,2018-11-27
Artemisia,2018-11-28
Artemisia,2018-11-29
Artemisia,2018-11-30
Artemisia,2018-12-01
Artemisia,2018-12-02
Artemisia,2018-12-03
Artemisia,2018-12-04
Artemisia,2018-12-05
Artemisia,2018-12-06
Artemisia,2018-12-07
Artemisia,2018-12-08
Artemisia,2018-12-09
Artemisia,2018-12-10
Artemisia,2018-12-11
Artemisia,2018-12-12
Artemisia,2018-12-13
Artemisia,2018-12-14
Artemisia,2018-12-15
Artemisia,2018-12-16
Artemisia,2018-12-17
Artemisia,2018-12-18
Artemisia,2018-12-19
Artemisia,2018-12-20
Artemisia,2018-12-21
Artemisia,2018-12-22
Artemisia,2018-12-23
Artemisia,2018-12-24
Artemisia,2018-12-25
Artemisia,2018-12-26
Artemisia,2018-12-27
Artemisia,2018-12-28
Artemisia,2018-12-29
Artemisia,2018-12-30
Artemisia,2018-12-31
Betula,2017-01-01
Betula,2017-01-02
Betula,2017-01-03
Betula,2017-01-04
Betula,2017-01-05
Betula,2017-01-06
Betula,2017-01-07
Betula,2017-01-08
Betula,2017-01-09
Betula,2017-01-10
Betula,2017-01-11
Betula,2017-01-12
Betula,2017-01-13
Betula,2017-01-14
Betula,2017-01-15
Betula,2017-01-16
Betula,2017-01-17
Betula,2017-01-18
Betula,2017-01-19
Betula,2017-01-20
Betula,2017-01-21
Betula,2017-01-22
Betula,2017-01-23
Betula,2017-01-24
Betula,2017-01-25
Betula,2017-01-26
Betula,2017-01-27
Betula,2017-01-28
Betula,2017-01-29
Betula,2017-01-30
Betula,2017-01-31
Betula,2017-02-01
Betula,2017-02-02
Betula,2017-02-03
Betula,2017-02-04
Betula,2017-02-05
Betula,2017-02-06
Betula,2017-02-07
Betula,2017-02-08
Betula,2017-02-09
Betula,2017-02-10
Betula,2017-02-11
Betula,2017-02-12
Betula,2017-02-13
Betula,2017-02-14
Betula,2017-02-15
Betula,2017-02-16
Betula,2017-02-17
Betula,2017-02-18
Betula,2017-02-19
Betula,2017-02-20
Betula,2017-02-21
Betula,2017-02-22
Betula,2017-02-23
Betula,2017-02-24
Betula,2017-02-25
Betula,2017-02-26
Betula,2017-02-27
Betula,2017-02-28
Betula,2017-03-01
Betula,2017-03-02
Betula,2017-03-03
Betula,2017-03-04
Betula,2017-03-05
Betula,2017-03-06
Betula,2017-03-07
Betula,2017-03-08
Betula,2017-03-09
Betula,2017-03-10
Betula,2017-03-11
Betula,2017-03-12
Betula,2017-03-13
Betula,2017-03-14
Betula,2017-03-15
Betula,2017-03-16
Betula,2017-03-17
Betula,2017-03-18
Betula,2017-03-19
Betula,2017-03-20
Betula,2017-03-21
Betula,2017-03-22
Betula,2017-03-23
Betula,2017-03-24
Betula,2017-03-25
Betula,2017-03-26
Betula,2017-03-27
Betula,2017-03-28
Betula,2017-03-29
Betula,2017-03-30
Betula,2017-03-31
Betula,2017-04-01
Betula,2017-04-02
Betula,2017-04-03
Betula,2017-04-04
Betula,2017-04-05
Betula,2017-04-06
Betula,2017-04-07
Betula,2017-04-08
Betula,2017-04-09
Betula,2017-04-10
Betula,2017-04-11
Betula,2017-04-12
Betula,2017-04-13
Betula,2017-04-14
Betula,2017-04-15
Betula,2017-04-16
Betula,2017-04-17
Betula,2017-04-18
Betula,2017-04-19
Betula,2017-04-20
Betula,2017-04-21
Betula,2017-04-22
Betula,2017-04-23
Betula,2017-04-24
Betula,2017-04-25
Betula,2017-04-26
Betula,2017-04-27
Betula,2017-04-28
Betula,2017-04-29
Betula,2017-04-30
Betula,2017-05-01
Betula,2017-05-02
Betula,2017-05-03
Betula,2017-05-04
Betula,2017-05-05
Betula,2017-05-06
Betula,2017-05-07
Betula,2017-05-08
Betula,2017-05-09
Betula,2017-05-10
Betula,2017-05-11
Betula,2017-05-12
Betula,2017-05-13
Betula,2017-05-14
Betula,2017-05-15
Betula,2017-05-16
Betula,2017-05-17
Betula,2017-05-18
Betula,2017-05-19
Betula,2017-05-20
Betula,2017-05-21
Betula,2017-05-22
Betula,2017-05-23
Betula,2017-05-24
Betula,2017-05-25
Betula,2017-05-26
Betula,2017-05-27
Betula,2017-05-28
Betula,2017-05-29
Betula,2017-05-30
Betula,2017-05-31
Betula,2017-06-01
Betula,2017-06-02
Betula,2017-06-03
Betula,2017-06-04
Betula,2017-06-05
Betula,2017-06-06
Betula,2017-06-07
Betula,2017-06-08
Betula,2017-06-09
Betula,2017-06-10
Betula,2017-06-11
Betula,2017-06-12
Betula,2017-06-13
Betula,2017-06-14
Betula,2017-06-15
Betula,2017-06-16
Betula,2017-06-17
Betula,2017-06-18
Betula,2017-06-19
Betula,2017-06-20
Betula,2017-06-21
Betula,2017-06-22
Betula,2017-06-23
Betula,2017-06-24
Betula,2017-06-25
Betula,2017-06-26
Betula,2017-06-27
Betula,2017-06-28
Betula,2017-06-29
Betula,2017-06-30
Betula,2017-07-01
Betula,2017-07-02
Betula,2017-07-03
Betula,2017-07-04
Betula,2017-07-05
Betula,2017-07-06
Betula,2017-07-07
Betula,2017-07-08
Betula,2017-07-09
Betula,2017-07-10
Betula,2017-07-11
Betula,2017-07-12
Betula,2017-07-13
Betula,2017-07-14
Betula,2017-07-15
Betula,2017-07-16
Betula,2017-07-17
Betula,2017-07-18
Betula,2017-07-19
Betula,2017-07-20
Betula,2017-07-21
Betula,2017-07-22
Betula,2017-07-23
Betula,2017-07-24
Betula,2017-07-25
Betula,2017-07-26
Betula,2017-07-27
Betula,2017-07-28
Betula,2017-07-29
Betula,2017-07-30
Betula,2017-07-31
Betula,2017-08-01
Betula,2017-08-02
Betula,2017-08-03
Betula,2017-08-04
Betula,2017-08-05
Betula,2017-08-06
Betula,2017-08-07
Betula,2017-08-08
Betula,2017-08-09
Betula,2017-08-10
Betula,2017-08-11
Betula,2017-08-12
Betula,2017-08-13
Betula,2017-08-14
Betula,2017-08-15
Betula,2017-08-16
Betula,2017-08-17
Betula,2017-08-18
Betula,2017-08-19
Betula,2017-08-20
Betula,2017-08-21
Betula,2017-08-22
Betula,2017-08-23
Betula,2017-08-24
Betula,2017-08-25
Betula,2017-08-26
Betula,2017-08-27
Betula,2017-08-28
Betula,2017-08-29
Betula,2017-08-30
Betula,2017-08-31
Betula,2017-09-01
Betula,2017-09-02
Betula,2017-09-03
Betula,2017-09-04
Betula,2017-09-05
Betula,2017-09-06
Betula,2017-09-07
Betula,2017-09-08
Betula,2017-09-09
Betula,2017-09-10
Betula,2017-09-11
Betula,2017-09-12
Betula,2017-09-13
Betula,2017-09-14
Betula,2017-09-15
Betula,2017-09-16
Betula,2017-09-17
Betula,2017-09-18
Betula,2017-09-19
Betula,2017-09-20
Betula,2017-09-21
Betula,2017-09-22
Betula,2017-09-23
Betula,2017-09-24
Betula,2017-09-25
Betula,2017-09-26
Betula,2017-09-27
Betula,2017-09-28
Betula,2017-09-29
Betula,2017-09-30
Betula,2017-10-01
Betula,2017-10-02
Betula,2017-10-03
Betula,2017-10-04
Betula,2017-10-05
Betula,2017-10-06
Betula,2017-10-07
Betula,2017-10-08
Betula,2017-10-09
Betula,2017-10-10
Betula,2017-10-11
Betula,2017-10-12
Betula,2017-10-13
Betula,2017-10-14
Betula,2017-10-15
Betula,2017-10-16
Betula,2017-10-17
Betula,2017-10-18
Betula,2017-10-19
Betula,2017-10-20
Betula,2017-10-21
Betula,2017-10-22
Betula,2017-10-23
Betula,2017-10-24
Betula,2017-10-25
Betula,2017-10-26
Betula,2017-10-27
Betula,2017-10-28
Betula,2017-10-29
Betula,2017-10-30
Betula,2017-10-31
Betula,2017-11-01
Betula,2017-11-02
Betula,2017-11-03
Betula,2017-11-04
Betula,2017-11-05
Betula,2017-11-06
Betula,2017-11-07
Betula,2017-11-08
Betula,2017-11-09
Betula,2017-11-10
Betula,2017-11-11
Betula,2017-11-12
Betula,2017-11-13
Betula,2017-11-14
Betula,2017-11-15
Betula,2017-11-16
Betula,2017-11-17
Betula,2017-11-18
Betula,2017-11-19
Betula,2017-11-20
Betula,2017-11-21
Betula,2017-11-22
Betula,2017-11-23
Betula,2017-11-24
Betula,2017-11-25
Betula,2017-11-26
Betula,2017-11-27
Betula,2017-11-28
Betula,2017-11-29
Betula,2017-11-30
Betula,2017-12-01
Betula,2017-12-02
Betula,2017-12-03
Betula,2017-12-04
Betula,2017-12-05
Betula,2017-12-06
Betula,2017-12-07
Betula,2017-12-08
Betula,2017-12-09
Betula,2017-12-10
Betula,2017-12-11
Betula,2017-12-12
Betula,2017-12-13
Betula,2017-12-14
Betula,2017-12-15
Betula,2017-12-16
Betula,2017-12-17
Betula,2017-12-18
Betula,2017-12-19
Betula,2017-12-20
Betula,2017-12-21
Betula,2017-12-22
Betula,2017-12-23
Betula,2017-12-24
Betula,2017-12-25
Betula,2017-12-26
Betula,2017-12-27
Betula,2017-12-28
Betula,2017-12-29
Betula,2017-12-30
Betula,2017-12-31
Betula,2018-01-01
Betula,2018-01-02
Betula,2018-01-03
Betula,2018-01-04
Betula,2018-01-05
Betula,2018-01-06
Betula,2018-01-07
Betula,2018-01-08
Betula,2018-01-09
Betula,2018-01-10
Betula,2018-01-11
Betula,2018-01-12
Betula,2018-01-13
Betula,2018-01-14
Betula,2018-01-15
Betula,2018-01-16
Betula,2018-01-17
Betula,2018-01-18
Betula,2018-01-19
Betula,2018-01-20
Betula,2018-01-21
Betula,2018-01-22
Betula,2018-01-23
Betula,2018-01-24
Betula,2018-01-25
Betula,2018-01-26
Betula,2018-01-27
Betula,2018-01-28
Betula,2018-01-29
Betula,2018-01-30
Betula,2018-01-31
Betula,2018-02-01
Betula,2018-02-02
Betula,2018-02-03
Betula,2018-02-04
Betula,2018-02-05
Betula,2018-02-06
Betula,2018-02-07
Betula,2018-02-08
Betula,2018-02-09
Betula,2018-02-10
Betula,2018-02-11
Betula,2018-02-12
Betula,2018-02-13
Betula,2018-02-14
Betula,2018-02-15
Betula,2018-02-16
Betula,2018-02-17
Betula,2018-02-18
Betula,2018-02-19
Betula,2018-02-20
Betula,2018-02-21
Betula,2018-02-22
Betula,2018-02-23
Betula,2018-02-24
Betula,2018-02-25
Betula,2018-02-26
Betula,2018-02-27
Betula,2018-02-28
Betula,2018-03-01
Betula,2018-03-02
Betula,2018-03-03
Betula,2018-03-04
Betula,2018-03-05
Betula,2018-03-06
Betula,2018-03-07
Betula,2018-03-08
Betula,2018-03-09
Betula,2018-03-10
Betula,2018-03-11
Betula,2018-03-12
Betula,2018-03-13
Betula,2018-03-14
Betula,2018-03-15
Betula,2018-03-16
Betula,2018-03-17
Betula,2018-03-18
Betula,2018-03-19
Betula,2018-03-20
Betula,2018-03-21
Betula,2018-03-22
Betula,2018-03-23
Betula,2018-03-24
Betula,2018-03-25
Betula,2018-03-26
Betula,2018-03-27
Betula,2018-03-28
Betula,2018-03-29
Betula,2018-03-30
Betula,2018-03-31
Betula,2018-04-01
Betula,2018-04-02
Betula,2018-04-03
Betula,2018-04-04
Betula,2018-04-05
Betula,2018-04-06
Betula,2018-04-07
Betula,2018-04-08
Betula,2018-04-09
Betula,2018-04-10
Betula,2018-04-11
Betula,2018-04-12
Betula,2018-04-13
Betula,2018-04-14
Betula,2018-04-15
Betula,2018-04-16
Betula,2018-04-17
Betula,2018-04-18
Betula,2018-04-19
Betula,2018-04-20
Betula,2018-04-21
Betula,2018-04-22
Betula,2018-04-23
Betula,2018-04-24
Betula,2018-04-25
Betula,2018-04-26
Betula,2018-04-27
Betula,2018-04-28
Betula,2018-04-29
Betula,2018-04-30
Betula,2018-05-01
Betula,2018-05-02
Betula,2018-05-03
Betula,2018-05-04
Betula,2018-05-05
Betula,2018-05-06
Betula,2018-05-07
Betula,2018-05-08
Betula,2018-05-09
Betula,2018-05-10
Betula,2018-05-11
Betula,2018-05-12
Betula,2018-05-13
Betula,2018-05-14
Betula,2018-05-15
Betula,2018-05-16
Betula,2018-05-17
Betula,2018-05-18
Betula,2018-05-19
Betula,2018-05-20
Betula,2018-05-21
Betula,2018-05-22
Betula,2018-05-23
Betula,2018-05-24
Betula,2018-05-25
Betula,2018-05-26
Betula,2018-05-27
Betula,2018-05-28
Betula,2018-05-29
Betula,2018-05-30
Betula,2018-05-31
Betula,2018-06-01
Betula,2018-06-02
Betula,2018-06-03
Betula,2018-06-04
Betula,2018-06-05
Betula,2018-06-06
Betula,2018-06-07
Betula,2018-06-08
Betula,2018-06-09
Betula,2018-06-10
Betula,2018-06-11
Betula,2018-06-12
Betula,2018-06-13
Betula,2018-06-14
Betula,2018-06-15
Betula,2018-06-16
Betula,2018-06-17
Betula,2018-06-18
Betula,2018-06-19
Betula,2018-06-20
Betula,2018-06-21
Betula,2018-06-22
Betula,2018-06-23
Betula,2018-06-24
Betula,2018-06-25
Betula,2018-06-26
Betula,2018-06-27
Betula,2018-06-28
Betula,2018-06-29
Betula,2018-06-30
Betula,2018-07-01
Betula,2018-07-02
Betula,2018-07-03
Betula,2018-07-04
Betula,2018-07-05
Betula,2018-07-06
Betula,2018-07-07
Betula,2018-07-08
Betula,2018-07-09
Betula,2018-07-10
Betula,2018-07-11
Betula,2018-07-12
Betula,2018-07-13
Betula,2018-07-14
Betula,2018-07-15
Betula,2018-07-16
Betula,2018-07-17
Betula,2018-07-18
Betula,2018-07-19
Betula,2018-07-20
Betula,2018-07-21
Betula,2018-07-22
Betula,2018-07-23
Betula,2018-07-24
Betula,2018-07-25
Betula,2018-07-26
Betula,2018-07-27
Betula,2018-07-28
Betula,2018-07-29
Betula,2018-07-30
Betula,2018-07-31
Betula,2018-08-01
Betula,2018-08-02
Betula,2018-08-03
Betula,2018-08-04
Betula,2018-08-05
Betula,2018-08-06
Betula,2018-08-07
Betula,2018-08-08
Betula,2018-08-09
Betula,2018-08-10
Betula,2018-08-11
Betula,2018-08-12
Betula,2018-08-13
Betula,2018-08-14
Betula,2018-08-15
Betula,2018-08-16
Betula,2018-08-17
Betula,2018-08-18
Betula,2018-08-19
Betula,2018-08-20
Betula,2018-08-21
Betula,2018-08-22
Betula,2018-08-23
Betula,2018-08-24
Betula,2018-08-25
Betula,2018-08-26
Betula,2018-08-27
Betula,2018-08-28
Betula,2018-08-29
Betula,2018-08-30
Betula,2018-08-31
Betula,2018-09-01
Betula,2018-09-02
Betula,2018-09-03
Betula,2018-09-04
Betula,2018-09-05
Betula,2018-09-06
Betula,2018-09-07
Betula,2018-09-08
Betula,2018-09-09
Betula,2018-09-10
Betula,2018-09-11
Betula,2018-09-12
Betula,2018-09-13
Betula,2018-09-14
Betula,2018-09-15
Betula,2018-09-16
Betula,2018-09-17
Betula,2018-09-18
Betula,2018-09-19
Betula,2018-09-20
Betula,2018-09-21
Betula,2018-09-22
Betula,2018-09-23
Betula,2018-09-24
Betula,2018-09-25
Betula,2018-09-26
Betula,2018-09-27
Betula,2018-09-28
Betula,2018-09-29
Betula,2018-09-30
Betula,2018-10-01
Betula,2018-10-02
Betula,2018-10-03
Betula,2018-10-04
Betula,2018-10-05
Betula,2018-10-06
Betula,2018-10-07
Betula,2018-10-08
Betula,2018-10-09
Betula,2018-10-10
Betula,2018-10-11
Betula,2018-10-12
Betula,2018-10-13
Betula,2018-10-14
Betula,2018-10-15
Betula,2018-10-16
Betula,2018-10-17
Betula,2018-10-18
Betula,2018-10-19
Betula,2018-10-20
Betula,2018-10-21
Betula,2018-10-22
Betula,2018-10-23
Betula,2018-10-24
Betula,2018-10-25
Betula,2018-10-26
Betula,2018-10-27
Betula,2018-10-28
Betula,2018-10-29
Betula,2018-10-30
Betula,2018-10-31
Betula,2018-11-01
Betula,2018-11-02
Betula,2018-11-03
Betula,2018-11-04
Betula,2018-11-05
Betula,2018-11-06
Betula,2018-11-07
Betula,2018-11-08
Betula,2018-11-09
Betula,2018-11-10
Betula,2018-11-11
Betula,2018-11-12
Betula,2018-11-13
Betula,2018-11-14
Betula,2018-11-15
Betula,2018-11-16
Betula,2018-11-17
Betula,2018-11-18
Betula,2018-11-19
Betula,2018-11-20
Betula,2018-11-21
Betula,2018-11-22
Betula,2018-11-23
Betula,2018-11-24
Betula,2018-11-25
Betula,2018-11-26
Betula,2018-11-27
Betula,2018-11-28
Betula,2018-11-29
Betula,2018-11-30
Betula,2018-12-01
Betula,2018-12-02
Betula,2018-12-03
Betula,2018-12-04
Betula,2018-12-05
Betula,2018-12-06
Betula,2018-12-07
Betula,2018-12-08
Betula,2018-12-09
Betula,2018-12-10
Betula,2018-12-11
Betula,2018-12-12
Betula,2018-12-13
Betula,2018-12-14
Betula,2018-12-15
Betula,2018-12-16
Betula,2018-12-17
Betula,2018-12-18
Betula,2018-12-19
Betula,2018-12-20
Betula,2018-12-21
Betula,2018-12-22
Betula,2018-12-23
Betula,2018-12-24
Betula,2018-12-25
Betula,2018-12-26
Betula,2018-12-27
Betula,2018-12-28
Betula,2018-12-29
Betula,2018-12-30
Betula,2018-12-31
Corylus,2017-01-01
Corylus,2017-01-02
Corylus,2017-01-03
Corylus,2017-01-04
Corylus,2017-01-05
Corylus,2017-01-06
Corylus,2017-01-07
Corylus,2017-01-08
Corylus,2017-01-09
Corylus,2017-01-10
Corylus,2017-01-11
Corylus,2017-01-12
Corylus,2017-01-13
Corylus,2017-01-14
Corylus,2017-01-15
Corylus,2017-01-16
Corylus,2017-01-17
Corylus,2017-01-18
Corylus,2017-01-19
Corylus,2017-01-20
Corylus,2017-01-21
Corylus,2017-01-22
Corylus,2017-01-23
Corylus,2017-01-24
Corylus,2017-01-25
Corylus,2017-01-26
Corylus,2017-01-27
Corylus,2017-01-28
Corylus,2017-01-29
Corylus,2017-01-30
Corylus,2017-01-31
Corylus,2017-02-01
Corylus,2017-02-02
Corylus,2017-02-03
Corylus,2017-02-04
Corylus,2017-02-05
Corylus,2017-02-06
Corylus,2017-02-07
Corylus,2017-02-08
Corylus,2017-02-09
Corylus,2017-02-10
Corylus,2017-02-11
Corylus,2017-02-12
Corylus,2017-02-13
Corylus,2017-02-14
Corylus,2017-02-15
Corylus,2017-02-16
Corylus,2017-02-17
Corylus,2017-02-18
Corylus,2017-02-19
Corylus,2017-02-20
Corylus,2017-02-21
Corylus,2017-02-22
Corylus,2017-02-23
Corylus,2017-02-24
Corylus,2017-02-25
Corylus,2017-02-26
Corylus,2017-02-27
Corylus,2017-02-28
Corylus,2017-03-01
Corylus,2017-03-02
Corylus,2017-03-03
Corylus,2017-03-04
Corylus,2017-03-05
Corylus,2017-03-06
Corylus,2017-03-07
Corylus,2017-03-08
Corylus,2017-03-09
Corylus,2017-03-10
Corylus,2017-03-11
Corylus,2017-03-12
Corylus,2017-03-13
Corylus,2017-03-14
Corylus,2017-03-15
Corylus,2017-03-16
Corylus,2017-03-17
Corylus,2017-03-18
Corylus,2017-03-19
Corylus,2017-03-20
Corylus,2017-03-21
Corylus,2017-03-22
Corylus,2017-03-23
Corylus,2017-03-24
Corylus,2017-03-25
Corylus,2017-03-26
Corylus,2017-03-27
Corylus,2017-03-28
Corylus,2017-03-29
Corylus,2017-03-30
Corylus,2017-03-31
Corylus,2017-04-01
Corylus,2017-04-02
Corylus,2017-04-03
Corylus,2017-04-04
Corylus,2017-04-05
Corylus,2017-04-06
Corylus,2017-04-07
Corylus,2017-04-08
Corylus,2017-04-09
Corylus,2017-04-10
Corylus,2017-04-11
Corylus,2017-04-12
Corylus,2017-04-13
Corylus,2017-04-14
Corylus,2017-04-15
Corylus,2017-04-16
Corylus,2017-04-17
Corylus,2017-04-18
Corylus,2017-04-19
Corylus,2017-04-20
Corylus,2017-04-21
Corylus,2017-04-22
Corylus,2017-04-23
Corylus,2017-04-24
Corylus,2017-04-25
Corylus,2017-04-26
Corylus,2017-04-27
Corylus,2017-04-28
Corylus,2017-04-29
Corylus,2017-04-30
Corylus,2017-05-01
Corylus,2017-05-02
Corylus,2017-05-03
Corylus,2017-05-04
Corylus,2017-05-05
Corylus,2017-05-06
Corylus,2017-05-07
Corylus,2017-05-08
Corylus,2017-05-09
Corylus,2017-05-10
Corylus,2017-05-11
Corylus,2017-05-12
Corylus,2017-05-13
Corylus,2017-05-14
Corylus,2017-05-15
Corylus,2017-05-16
Corylus,2017-05-17
Corylus,2017-05-18
Corylus,2017-05-19
Corylus,2017-05-20
Corylus,2017-05-21
Corylus,2017-05-22
Corylus,2017-05-23
Corylus,2017-05-24
Corylus,2017-05-25
Corylus,2017-05-26
Corylus,2017-05-27
Corylus,2017-05-28
Corylus,2017-05-29
Corylus,2017-05-30
Corylus,2017-05-31
Corylus,2017-06-01
Corylus,2017-06-02
Corylus,2017-06-03
Corylus,2017-06-04
Corylus,2017-06-05
Corylus,2017-06-06
Corylus,2017-06-07
Corylus,2017-06-08
Corylus,2017-06-09
Corylus,2017-06-10
Corylus,2017-06-11
Corylus,2017-06-12
Corylus,2017-06-13
Corylus,2017-06-14
Corylus,2017-06-15
Corylus,2017-06-16
Corylus,2017-06-17
Corylus,2017-06-18
Corylus,2017-06-19
Corylus,2017-06-20
Corylus,2017-06-21
Corylus,2017-06-22
Corylus,2017-06-23
Corylus,2017-06-24
Corylus,2017-06-25
Corylus,2017-06-26
Corylus,2017-06-27
Corylus,2017-06-28
Corylus,2017-06-29
Corylus,2017-06-30
Corylus,2017-07-01
Corylus,2017-07-02
Corylus,2017-07-03
Corylus,2017-07-04
Corylus,2017-07-05
Corylus,2017-07-06
Corylus,2017-07-07
Corylus,2017-07-08
Corylus,2017-07-09
Corylus,2017-07-10
Corylus,2017-07-11
Corylus,2017-07-12
Corylus,2017-07-13
Corylus,2017-07-14
Corylus,2017-07-15
Corylus,2017-07-16
Corylus,2017-07-17
Corylus,2017-07-18
Corylus,2017-07-19
Corylus,2017-07-20
Corylus,2017-07-21
Corylus,2017-07-22
Corylus,2017-07-23
Corylus,2017-07-24
Corylus,2017-07-25
Corylus,2017-07-26
Corylus,2017-07-27
Corylus,2017-07-28
Corylus,2017-07-29
Corylus,2017-07-30
Corylus,2017-07-31
Corylus,2017-08-01
Corylus,2017-08-02
Corylus,2017-08-03
Corylus,2017-08-04
Corylus,2017-08-05
Corylus,2017-08-06
Corylus,2017-08-07
Corylus,2017-08-08
Corylus,2017-08-09
Corylus,2017-08-10
Corylus,2017-08-11
Corylus,2017-08-12
Corylus,2017-08-13
Corylus,2017-08-14
Corylus,2017-08-15
Corylus,2017-08-16
Corylus,2017-08-17
Corylus,2017-08-18
Corylus,2017-08-19
Corylus,2017-08-20
Corylus,2017-08-21
Corylus,2017-08-22
Corylus,2017-08-23
Corylus,2017-08-24
Corylus,2017-08-25
Corylus,2017-08-26
Corylus,2017-08-27
Corylus,2017-08-28
Corylus,2017-08-29
Corylus,2017-08-30
Corylus,2017-08-31
Corylus,2017-09-01
Corylus,2017-09-02
Corylus,2017-09-03
Corylus,2017-09-04
Corylus,2017-09-05
Corylus,2017-09-06
Corylus,2017-09-07
Corylus,2017-09-08
Corylus,2017-09-09
Corylus,2017-09-10
Corylus,2017-09-11
Corylus,2017-09-12
Corylus,2017-09-13
Corylus,2017-09-14
Corylus,2017-09-15
Corylus,2017-09-16
Corylus,2017-09-17
Corylus,2017-09-18
Corylus,2017-09-19
Corylus,2017-09-20
Corylus,2017-09-21
Corylus,2017-09-22
Corylus,2017-09-23
Corylus,2017-09-24
Corylus,2017-09-25
Corylus,2017-09-26
Corylus,2017-09-27
Corylus,2017-09-28
Corylus,2017-09-29
Corylus,2017-09-30
Corylus,2017-10-01
Corylus,2017-10-02
Corylus,2017-10-03
Corylus,2017-10-04
Corylus,2017-10-05
Corylus,2017-10-06
Corylus,2017-10-07
Corylus,2017-10-08
Corylus,2017-10-09
Corylus,2017-10-10
Corylus,2017-10-11
Corylus,2017-10-12
Corylus,2017-10-13
Corylus,2017-10-14
Corylus,2017-10-15
Corylus,2017-10-16
Corylus,2017-10-17
Corylus,2017-10-18
Corylus,2017-10-19
Corylus,2017-10-20
Corylus,2017-10-21
Corylus,2017-10-22
Corylus,2017-10-23
Corylus,2017-10-24
Corylus,2017-10-25
Corylus,2017-10-26
Corylus,2017-10-27
Corylus,2017-10-28
Corylus,2017-10-29
Corylus,2017-10-30
Corylus,2017-10-31
Corylus,2017-11-01
Corylus,2017-11-02
Corylus,2017-11-03
Corylus,2017-11-04
Corylus,2017-11-05
Corylus,2017-11-06
Corylus,2017-11-07
Corylus,2017-11-08
Corylus,2017-11-09
Corylus,2017-11-10
Corylus,2017-11-11
Corylus,2017-11-12
Corylus,2017-11-13
Corylus,2017-11-14
Corylus,2017-11-15
Corylus,2017-11-16
Corylus,2017-11-17
Corylus,2017-11-18
Corylus,2017-11-19
Corylus,2017-11-20
Corylus,2017-11-21
Corylus,2017-11-22
Corylus,2017-11-23
Corylus,2017-11-24
Corylus,2017-11-25
Corylus,2017-11-26
Corylus,2017-11-27
Corylus,2017-11-28
Corylus,2017-11-29
Corylus,2017-11-30
Corylus,2017-12-01
Corylus,2017-12-02
Corylus,2017-12-03
Corylus,2017-12-04
Corylus,2017-12-05
Corylus,2017-12-06
Corylus,2017-12-07
Corylus,2017-12-08
Corylus,2017-12-09
Corylus,2017-12-10
Corylus,2017-12-11
Corylus,2017-12-12
Corylus,2017-12-13
Corylus,2017-12-14
Corylus,2017-12-15
Corylus,2017-12-16
Corylus,2017-12-17
Corylus,2017-12-18
Corylus,2017-12-19
Corylus,2017-12-20
Corylus,2017-12-21
Corylus,2017-12-22
Corylus,2017-12-23
Corylus,2017-12-24
Corylus,2017-12-25
Corylus,2017-12-26
Corylus,2017-12-27
Corylus,2017-12-28
Corylus,2017-12-29
Corylus,2017-12-30
Corylus,2017-12-31
Corylus,2018-01-01
Corylus,2018-01-02
Corylus,2018-01-03
Corylus,2018-01-04
Corylus,2018-01-05
Corylus,2018-01-06
Corylus,2018-01-07
Corylus,2018-01-08
Corylus,2018-01-09
Corylus,2018-01-10
Corylus,2018-01-11
Corylus,2018-01-12
Corylus,2018-01-13
Corylus,2018-01-14
Corylus,2018-01-15
Corylus,2018-01-16
Corylus,2018-01-17
Corylus,2018-01-18
Corylus,2018-01-19
Corylus,2018-01-20
Corylus,2018-01-21
Corylus,2018-01-22
Corylus,2018-01-23
Corylus,2018-01-24
Corylus,2018-01-25
Corylus,2018-01-26
Corylus,2018-01-27
Corylus,2018-01-28
Corylus,2018-01-29
Corylus,2018-01-30
Corylus,2018-01-31
Corylus,2018-02-01
Corylus,2018-02-02
Corylus,2018-02-03
Corylus,2018-02-04
Corylus,2018-02-05
Corylus,2018-02-06
Corylus,2018-02-07
Corylus,2018-02-08
Corylus,2018-02-09
Corylus,2018-02-10
Corylus,2018-02-11
Corylus,2018-02-12
Corylus,2018-02-13
Corylus,2018-02-14
Corylus,2018-02-15
Corylus,2018-02-16
Corylus,2018-02-17
Corylus,2018-02-18
Corylus,2018-02-19
Corylus,2018-02-20
Corylus,2018-02-21
Corylus,2018-02-22
Corylus,2018-02-23
Corylus,2018-02-24
Corylus,2018-02-25
Corylus,2018-02-26
Corylus,2018-02-27
Corylus,2018-02-28
Corylus,2018-03-01
Corylus,2018-03-02
Corylus,2018-03-03
Corylus,2018-03-04
Corylus,2018-03-05
Corylus,2018-03-06
Corylus,2018-03-07
Corylus,2018-03-08
Corylus,2018-03-09
Corylus,2018-03-10
Corylus,2018-03-11
Corylus,2018-03-12
Corylus,2018-03-13
Corylus,2018-03-14
Corylus,2018-03-15
Corylus,2018-03-16
Corylus,2018-03-17
Corylus,2018-03-18
Corylus,2018-03-19
Corylus,2018-03-20
Corylus,2018-03-21
Corylus,2018-03-22
Corylus,2018-03-23
Corylus,2018-03-24
Corylus,2018-03-25
Corylus,2018-03-26
Corylus,2018-03-27
Corylus,2018-03-28
Corylus,2018-03-29
Corylus,2018-03-30
Corylus,2018-03-31
Corylus,2018-04-01
Corylus,2018-04-02
Corylus,2018-04-03
Corylus,2018-04-04
Corylus,2018-04-05
Corylus,2018-04-06
Corylus,2018-04-07
Corylus,2018-04-08
Corylus,2018-04-09
Corylus,2018-04-10
Corylus,2018-04-11
Corylus,2018-04-12
Corylus,2018-04-13
Corylus,2018-04-14
Corylus,2018-04-15
Corylus,2018-04-16
Corylus,2018-04-17
Corylus,2018-04-18
Corylus,2018-04-19
Corylus,2018-04-20
Corylus,2018-04-21
Corylus,2018-04-22
Corylus,2018-04-23
Corylus,2018-04-24
Corylus,2018-04-25
Corylus,2018-04-26
Corylus,2018-04-27
Corylus,2018-04-28
Corylus,2018-04-29
Corylus,2018-04-30
Corylus,2018-05-01
Corylus,2018-05-02
Corylus,2018-05-03
Corylus,2018-05-04
Corylus,2018-05-05
Corylus,2018-05-06
Corylus,2018-05-07
Corylus,2018-05-08
Corylus,2018-05-09
Corylus,2018-05-10
Corylus,2018-05-11
Corylus,2018-05-12
Corylus,2018-05-13
Corylus,2018-05-14
Corylus,2018-05-15
Corylus,2018-05-16
Corylus,2018-05-17
Corylus,2018-05-18
Corylus,2018-05-19
Corylus,2018-05-20
Corylus,2018-05-21
Corylus,2018-05-22
Corylus,2018-05-23
Corylus,2018-05-24
Corylus,2018-05-25
Corylus,2018-05-26
Corylus,2018-05-27
Corylus,2018-05-28
Corylus,2018-05-29
Corylus,2018-05-30
Corylus,2018-05-31
Corylus,2018-06-01
Corylus,2018-06-02
Corylus,2018-06-03
Corylus,2018-06-04
Corylus,2018-06-05
Corylus,2018-06-06
Corylus,2018-06-07
Corylus,2018-06-08
Corylus,2018-06-09
Corylus,2018-06-10
Corylus,2018-06-11
Corylus,2018-06-12
Corylus,2018-06-13
Corylus,2018-06-14
Corylus,2018-06-15
Corylus,2018-06-16
Corylus,2018-06-17
Corylus,2018-06-18
Corylus,2018-06-19
Corylus,2018-06-20
Corylus,2018-06-21
Corylus,2018-06-22
Corylus,2018-06-23
Corylus,2018-06-24
Corylus,2018-06-25
Corylus,2018-06-26
Corylus,2018-06-27
Corylus,2018-06-28
Corylus,2018-06-29
Corylus,2018-06-30
Corylus,2018-07-01
Corylus,2018-07-02
Corylus,2018-07-03
Corylus,2018-07-04
Corylus,2018-07-05
Corylus,2018-07-06
Corylus,2018-07-07
Corylus,2018-07-08
Corylus,2018-07-09
Corylus,2018-07-10
Corylus,2018-07-11
Corylus,2018-07-12
Corylus,2018-07-13
Corylus,2018-07-14
Corylus,2018-07-15
Corylus,2018-07-16
Corylus,2018-07-17
Corylus,2018-07-18
Corylus,2018-07-19
Corylus,2018-07-20
Corylus,2018-07-21
Corylus,2018-07-22
Corylus,2018-07-23
Corylus,2018-07-24
Corylus,2018-07-25
Corylus,2018-07-26
Corylus,2018-07-27
Corylus,2018-07-28
Corylus,2018-07-29
Corylus,2018-07-30
Corylus,2018-07-31
Corylus,2018-08-01
Corylus,2018-08-02
Corylus,2018-08-03
Corylus,2018-08-04
Corylus,2018-08-05
Corylus,2018-08-06
Corylus,2018-08-07
Corylus,2018-08-08
Corylus,2018-08-09
Corylus,2018-08-10
Corylus,2018-08-11
Corylus,2018-08-12
Corylus,2018-08-13
Corylus,2018-08-14
Corylus,2018-08-15
Corylus,2018-08-16
Corylus,2018-08-17
Corylus,2018-08-18
Corylus,2018-08-19
Corylus,2018-08-20
Corylus,2018-08-21
Corylus,2018-08-22
Corylus,2018-08-23
Corylus,2018-08-24
Corylus,2018-08-25
Corylus,2018-08-26
Corylus,2018-08-27
Corylus,2018-08-28
Corylus,2018-08-29
Corylus,2018-08-30
Corylus,2018-08-31
Corylus,2018-09-01
Corylus,2018-09-02
Corylus,2018-09-03
Corylus,2018-09-04
Corylus,2018-09-05
Corylus,2018-09-06
Corylus,2018-09-07
Corylus,2018-09-08
Corylus,2018-09-09
Corylus,2018-09-10
Corylus,2018-09-11
Corylus,2018-09-12
Corylus,2018-09-13
Corylus,2018-09-14
Corylus,2018-09-15
Corylus,2018-09-16
Corylus,2018-09-17
Corylus,2018-09-18
Corylus,2018-09-19
Corylus,2018-09-20
Corylus,2018-09-21
Corylus,2018-09-22
Corylus,2018-09-23
Corylus,2018-09-24
Corylus,2018-09-25
Corylus,2018-09-26
Corylus,2018-09-27
Corylus,2018-09-28
Corylus,2018-09-29
Corylus,2018-09-30
Corylus,2018-10-01
Corylus,2018-10-02
Corylus,2018-10-03
Corylus,2018-10-04
Corylus,2018-10-05
Corylus,2018-10-06
Corylus,2018-10-07
Corylus,2018-10-08
Corylus,2018-10-09
Corylus,2018-10-10
Corylus,2018-10-11
Corylus,2018-10-12
Corylus,2018-10-13
Corylus,2018-10-14
Corylus,2018-10-15
Corylus,2018-10-16
Corylus,2018-10-17
Corylus,2018-10-18
Corylus,2018-10-19
Corylus,2018-10-20
Corylus,2018-10-21
Corylus,2018-10-22
Corylus,2018-10-23
Corylus,2018-10-24
Corylus,2018-10-25
Corylus,2018-10-26
Corylus,2018-10-27
Corylus,2018-10-28
Corylus,2018-10-29
Corylus,2018-10-30
Corylus,2018-10-31
Corylus,2018-11-01
Corylus,2018-11-02
Corylus,2018-11-03
Corylus,2018-11-04
Corylus,2018-11-05
Corylus,2018-11-06
Corylus,2018-11-07
Corylus,2018-11-08
Corylus,2018-11-09
Corylus,2018-11-10
Corylus,2018-11-11
Corylus,2018-11-12
Corylus,2018-11-13
Corylus,2018-11-14
Corylus,2018-11-15
Corylus,2018-11-16
Corylus,2018-11-17
Corylus,2018-11-18
Corylus,2018-11-19
Corylus,2018-11-20
Corylus,2018-11-21
Corylus,2018-11-22
Corylus,2018-11-23
Corylus,2018-11-24
Corylus,2018-11-25
Corylus,2018-11-26
Corylus,2018-11-27
Corylus,2018-11-28
Corylus,2018-11-29
Corylus,2018-11-30
Corylus,2018-12-01
Corylus,2018-12-02
Corylus,2018-12-03
Corylus,2018-12-04
Corylus,2018-12-05
Corylus,2018-12-06
Corylus,2018-12-07
Corylus,2018-12-08
Corylus,2018-12-09
Corylus,2018-12-10
Corylus,2018-12-11
Corylus,2018-12-12
Corylus,2018-12-13
Corylus,2018-12-14
Corylus,2018-12-15
Corylus,2018-12-16
Corylus,2018-12-17
Corylus,2018-12-18
Corylus,2018-12-19
Corylus,2018-12-20
Corylus,2018-12-21
Corylus,2018-12-22
Corylus,2018-12-23
Corylus,2018-12-24
Corylus,2018-12-25
Corylus,2018-12-26
Corylus,2018-12-27
Corylus,2018-12-28
Corylus,2018-12-29
Corylus,2018-12-30
Corylus,2018-12-31
Daily.rain,2017-01-01
Daily.rain,2017-01-02
Daily.rain,2017-01-03
Daily.rain,2017-01-04
Daily.rain,2017-01-05
Daily.rain,2017-01-06
Daily.rain,2017-01-07
Daily.rain,2017-01-08
Daily.rain,2017-01-09
Daily.rain,2017-01-10
Daily.rain,2017-01-11
Daily.rain,2017-01-12
Daily.rain,2017-01-13
Daily.rain,2017-01-14
Daily.rain,2017-01-15
Daily.rain,2017-01-16
Daily.rain,2017-01-17
Daily.rain,2017-01-18
Daily.rain,2017-01-19
Daily.rain,2017-01-20
Daily.rain,2017-01-21
Daily.rain,2017-01-22
Daily.rain,2017-01-23
Daily.rain,2017-01-24
Daily.rain,2017-01-25
Daily.rain,2017-01-26
Daily.rain,2017-01-27
Daily.rain,2017-01-28
Daily.rain,2017-01-29
Daily.rain,2017-01-30
Daily.rain,2017-01-31
Daily.rain,2017-02-01
Daily.rain,2017-02-02
Daily.rain,2017-02-03
Daily.rain,2017-02-04
Daily.rain,2017-02-05
Daily.rain,2017-02-06
Daily.rain,2017-02-07
Daily.rain,2017-02-08
Daily.rain,2017-02-09
Daily.rain,2017-02-10
Daily.rain,2017-02-11
Daily.rain,2017-02-12
Daily.rain,2017-02-13
Daily.rain,2017-02-14
Daily.rain,2017-02-15
Daily.rain,2017-02-16
Daily.rain,2017-02-17
Daily.rain,2017-02-18
Daily.rain,2017-02-19
Daily.rain,2017-02-20
Daily.rain,2017-02-21
Daily.rain,2017-02-22
Daily.rain,2017-02-23
Daily.rain,2017-02-24
Daily.rain,2017-02-25
Daily.rain,2017-02-26
Daily.rain,2017-02-27
Daily.rain,2017-02-28
Daily.rain,2017-03-01
Daily.rain,2017-03-02
Daily.rain,2017-03-03
Daily.rain,2017-03-04
Daily.rain,2017-03-05
Daily.rain,2017-03-06
Daily.rain,2017-03-07
Daily.rain,2017-03-08
Daily.rain,2017-03-09
Daily.rain,2017-03-10
Daily.rain,2017-03-11
Daily.rain,2017-03-12
Daily.rain,2017-03-13
Daily.rain,2017-03-14
Daily.rain,2017-03-15
Daily.rain,2017-03-16
Daily.rain,2017-03-17
Daily.rain,2017-03-18
Daily.rain,2017-03-19
Daily.rain,2017-03-20
Daily.rain,2017-03-21
Daily.rain,2017-03-22
Daily.rain,2017-03-23
Daily.rain,2017-03-24
Daily.rain,2017-03-25
Daily.rain,2017-03-26
Daily.rain,2017-03-27
Daily.rain,2017-03-28
Daily.rain,2017-03-29
Daily.rain,2017-03-30
Daily.rain,2017-03-31
Daily.rain,2017-04-01
Daily.rain,2017-04-02
Daily.rain,2017-04-03
Daily.rain,2017-04-04
Daily.rain,2017-04-05
Daily.rain,2017-04-06
Daily.rain,2017-04-07
Daily.rain,2017-04-08
Daily.rain,2017-04-09
Daily.rain,2017-04-10
Daily.rain,2017-04-11
Daily.rain,2017-04-12
Daily.rain,2017-04-13
Daily.rain,2017-04-14
Daily.rain,2017-04-15
Daily.rain,2017-04-16
Daily.rain,2017-04-17
Daily.rain,2017-04-18
Daily.rain,2017-04-19
Daily.rain,2017-04-20
Daily.rain,2017-04-21
Daily.rain,2017-04-22
Daily.rain,2017-04-23
Daily.rain,2017-04-24
Daily.rain,2017-04-25
Daily.rain,2017-04-26
Daily.rain,2017-04-27
Daily.rain,2017-04-28
Daily.rain,2017-04-29
Daily.rain,2017-04-30
Daily.rain,2017-05-01
Daily.rain,2017-05-02
Daily.rain,2017-05-03
Daily.rain,2017-05-04
Daily.rain,2017-05-05
Daily.rain,2017-05-06
Daily.rain,2017-05-07
Daily.rain,2017-05-08
Daily.rain,2017-05-09
Daily.rain,2017-05-10
Daily.rain,2017-05-11
Daily.rain,2017-05-12
Daily.rain,2017-05-13
Daily.rain,2017-05-14
Daily.rain,2017-05-15
Daily.rain,2017-05-16
Daily.rain,2017-05-17
Daily.rain,2017-05-18
Daily.rain,2017-05-19
Daily.rain,2017-05-20
Daily.rain,2017-05-21
Daily.rain,2017-05-22
Daily.rain,2017-05-23
Daily.rain,2017-05-24
Daily.rain,2017-05-25
Daily.rain,2017-05-26
Daily.rain,2017-05-27
Daily.rain,2017-05-28
Daily.rain,2017-05-29
Daily.rain,2017-05-30
Daily.rain,2017-05-31
Daily.rain,2017-06-01
Daily.rain,2017-06-02
Daily.rain,2017-06-03
Daily.rain,2017-06-04
Daily.rain,2017-06-05
Daily.rain,2017-06-06
Daily.rain,2017-06-07
Daily.rain,2017-06-08
Daily.rain,2017-06-09
Daily.rain,2017-06-10
Daily.rain,2017-06-11
Daily.rain,2017-06-12
Daily.rain,2017-06-13
Daily.rain,2017-06-14
Daily.rain,2017-06-15
Daily.rain,2017-06-16
Daily.rain,2017-06-17
Daily.rain,2017-06-18
Daily.rain,2017-06-19
Daily.rain,2017-06-20
Daily.rain,2017-06-21
Daily.rain,2017-06-22
Daily.rain,2017-06-23
Daily.rain,2017-06-24
Daily.rain,2017-06-25
Daily.rain,2017-06-26
Daily.rain,2017-06-27
Daily.rain,2017-06-28
Daily.rain,2017-06-29
Daily.rain,2017-06-30
Daily.rain,2017-07-01
Daily.rain,2017-07-02
Daily.rain,2017-07-03
Daily.rain,2017-07-04
Daily.rain,2017-07-05
Daily.rain,2017-07-06
Daily.rain,2017-07-07
Daily.rain,2017-07-08
Daily.rain,2017-07-09
Daily.rain,2017-07-10
Daily.rain,2017-07-11
Daily.rain,2017-07-12
Daily.rain,2017-07-13
Daily.rain,2017-07-14
Daily.rain,2017-07-15
Daily.rain,2017-07-16
Daily.rain,2017-07-17
Daily.rain,2017-07-18
Daily.rain,2017-07-19
Daily.rain,2017-07-20
Daily.rain,2017-07-21
Daily.rain,2017-07-22
Daily.rain,2017-07-23
Daily.rain,2017-07-24
Daily.rain,2017-07-25
Daily.rain,2017-07-26
Daily.rain,2017-07-27
Daily.rain,2017-07-28
Daily.rain,2017-07-29
Daily.rain,2017-07-30
Daily.rain,2017-07-31
Daily.rain,2017-08-01
Daily.rain,2017-08-02
Daily.rain,2017-08-03
Daily.rain,2017-08-04
Daily.rain,2017-08-05
Daily.rain,2017-08-06
Daily.rain,2017-08-07
Daily.rain,2017-08-08
Daily.rain,2017-08-09
Daily.rain,2017-08-10
Daily.rain,2017-08-11
Daily.rain,2017-08-12
Daily.rain,2017-08-13
Daily.rain,2017-08-14
Daily.rain,2017-08-15
Daily.rain,2017-08-16
Daily.rain,2017-08-17
Daily.rain,2017-08-18
Daily.rain,2017-08-19
Daily.rain,2017-08-20
Daily.rain,2017-08-21
Daily.rain,2017-08-22
Daily.rain,2017-08-23
Daily.rain,2017-08-24
Daily.rain,2017-08-25
Daily.rain,2017-08-26
Daily.rain,2017-08-27
Daily.rain,2017-08-28
Daily.rain,2017-08-29
Daily.rain,2017-08-30
Daily.rain,2017-08-31
Daily.rain,2017-09-01
Daily.rain,2017-09-02
Daily.rain,2017-09-03
Daily.rain,2017-09-04
Daily.rain,2017-09-05
Daily.rain,2017-09-06
Daily.rain,2017-09-07
Daily.rain,2017-09-08
Daily.rain,2017-09-09
Daily.rain,2017-09-10
Daily.rain,2017-09-11
Daily.rain,2017-09-12
Daily.rain,2017-09-13
Daily.rain,2017-09-14
Daily.rain,2017-09-15
Daily.rain,2017-09-16
Daily.rain,2017-09-17
Daily.rain,2017-09-18
Daily.rain,2017-09-19
Daily.rain,2017-09-20
Daily.rain,2017-09-21
Daily.rain,2017-09-22
Daily.rain,2017-09-23
Daily.rain,2017-09-24
Daily.rain,2017-09-25
Daily.rain,2017-09-26
Daily.rain,2017-09-27
Daily.rain,2017-09-28
Daily.rain,2017-09-29
Daily.rain,2017-09-30
Daily.rain,2017-10-01
Daily.rain,2017-10-02
Daily.rain,2017-10-03
Daily.rain,2017-10-04
Daily.rain,2017-10-05
Daily.rain,2017-10-06
Daily.rain,2017-10-07
Daily.rain,2017-10-08
Daily.rain,2017-10-09
Daily.rain,2017-10-10
Daily.rain,2017-10-11
Daily.rain,2017-10-12
Daily.rain,2017-10-13
Daily.rain,2017-10-14
Daily.rain,2017-10-15
Daily.rain,2017-10-16
Daily.rain,2017-10-17
Daily.rain,2017-10-18
Daily.rain,2017-10-19
Daily.rain,2017-10-20
Daily.rain,2017-10-21
Daily.rain,2017-10-22
Daily.rain,2017-10-23
Daily.rain,2017-10-24
Daily.rain,2017-10-25
Daily.rain,2017-10-26
Daily.rain,2017-10-27
Daily.rain,2017-10-28
Daily.rain,2017-10-29
Daily.rain,2017-10-30
Daily.rain,2017-10-31
Daily.rain,2017-11-01
Daily.rain,2017-11-02
Daily.rain,2017-11-03
Daily.rain,2017-11-04
Daily.rain,2017-11-05
Daily.rain,2017-11-06
Daily.rain,2017-11-07
Daily.rain,2017-11-08
Daily.rain,2017-11-09
Daily.rain,2017-11-10
Daily.rain,2017-11-11
Daily.rain,2017-11-12
Daily.rain,2017-11-13
Daily.rain,2017-11-14
Daily.rain,2017-11-15
Daily.rain,2017-11-16
Daily.rain,2017-11-17
Daily.rain,2017-11-18
Daily.rain,2017-11-19
Daily.rain,2017-11-20
Daily.rain,2017-11-21
Daily.rain,2017-11-22
Daily.rain,2017-11-23
Daily.rain,2017-11-24
Daily.rain,2017-11-25
Daily.rain,2017-11-26
Daily.rain,2017-11-27
Daily.rain,2017-11-28
Daily.rain,2017-11-29
Daily.rain,2017-11-30
Daily.rain,2017-12-01
Daily.rain,2017-12-02
Daily.rain,2017-12-03
Daily.rain,2017-12-04
Daily.rain,2017-12-05
Daily.rain,2017-12-06
Daily.rain,2017-12-07
Daily.rain,2017-12-08
Daily.rain,2017-12-09
Daily.rain,2017-12-10
Daily.rain,2017-12-11
Daily.rain,2017-12-12
Daily.rain,2017-12-13
Daily.rain,2017-12-14
Daily.rain,2017-12-15
Daily.rain,2017-12-16
Daily.rain,2017-12-17
Daily.rain,2017-12-18
Daily.rain,2017-12-19
Daily.rain,2017-12-20
Daily.rain,2017-12-21
Daily.rain,2017-12-22
Daily.rain,2017-12-23
Daily.rain,2017-12-24
Daily.rain,2017-12-25
Daily.rain,2017-12-26
Daily.rain,2017-12-27
Daily.rain,2017-12-28
Daily.rain,2017-12-29
Daily.rain,2017-12-30
Daily.rain,2017-12-31
Daily.rain,2018-01-01
Daily.rain,2018-01-02
Daily.rain,2018-01-03
Daily.rain,2018-01-04
Daily.rain,2018-01-05
Daily.rain,2018-01-06
Daily.rain,2018-01-07
Daily.rain,2018-01-08
Daily.rain,2018-01-09
Daily.rain,2018-01-10
Daily.rain,2018-01-11
Daily.rain,2018-01-12
Daily.rain,2018-01-13
Daily.rain,2018-01-14
Daily.rain,2018-01-15
Daily.rain,2018-01-16
Daily.rain,2018-01-17
Daily.rain,2018-01-18
Daily.rain,2018-01-19
Daily.rain,2018-01-20
Daily.rain,2018-01-21
Daily.rain,2018-01-22
Daily.rain,2018-01-23
Daily.rain,2018-01-24
Daily.rain,2018-01-25
Daily.rain,2018-01-26
Daily.rain,2018-01-27
Daily.rain,2018-01-28
Daily.rain,2018-01-29
Daily.rain,2018-01-30
Daily.rain,2018-01-31
Daily.rain,2018-02-01
Daily.rain,2018-02-02
Daily.rain,2018-02-03
Daily.rain,2018-02-04
Daily.rain,2018-02-05
Daily.rain,2018-02-06
Daily.rain,2018-02-07
Daily.rain,2018-02-08
Daily.rain,2018-02-09
Daily.rain,2018-02-10
Daily.rain,2018-02-11
Daily.rain,2018-02-12
Daily.rain,2018-02-13
Daily.rain,2018-02-14
Daily.rain,2018-02-15
Daily.rain,2018-02-16
Daily.rain,2018-02-17
Daily.rain,2018-02-18
Daily.rain,2018-02-19
Daily.rain,2018-02-20
Daily.rain,2018-02-21
Daily.rain,2018-02-22
Daily.rain,2018-02-23
Daily.rain,2018-02-24
Daily.rain,2018-02-25
Daily.rain,2018-02-26
Daily.rain,2018-02-27
Daily.rain,2018-02-28
Daily.rain,2018-03-01
Daily.rain,2018-03-02
Daily.rain,2018-03-03
Daily.rain,2018-03-04
Daily.rain,2018-03-05
Daily.rain,2018-03-06
Daily.rain,2018-03-07
Daily.rain,2018-03-08
Daily.rain,2018-03-09
Daily.rain,2018-03-10
Daily.rain,2018-03-11
Daily.rain,2018-03-12
Daily.rain,2018-03-13
Daily.rain,2018-03-14
Daily.rain,2018-03-15
Daily.rain,2018-03-16
Daily.rain,2018-03-17
Daily.rain,2018-03-18
Daily.rain,2018-03-19
Daily.rain,2018-03-20
Daily.rain,2018-03-21
Daily.rain,2018-03-22
Daily.rain,2018-03-23
Daily.rain,2018-03-24
Daily.rain,2018-03-25
Daily.rain,2018-03-26
Daily.rain,2018-03-27
Daily.rain,2018-03-28
Daily.rain,2018-03-29
Daily.rain,2018-03-30
Daily.rain,2018-03-31
Daily.rain,2018-04-01
Daily.rain,2018-04-02
Daily.rain,2018-04-03
Daily.rain,2018-04-04
Daily.rain,2018-04-05
Daily.rain,2018-04-06
Daily.rain,2018-04-07
Daily.rain,2018-04-08
Daily.rain,2018-04-09
Daily.rain,2018-04-10
Daily.rain,2018-04-11
Daily.rain,2018-04-12
Daily.rain,2018-04-13
Daily.rain,2018-04-14
Daily.rain,2018-04-15
Daily.rain,2018-04-16
Daily.rain,2018-04-17
Daily.rain,2018-04-18
Daily.rain,2018-04-19
Daily.rain,2018-04-20
Daily.rain,2018-04-21
Daily.rain,2018-04-22
Daily.rain,2018-04-23
Daily.rain,2018-04-24
Daily.rain,2018-04-25
Daily.rain,2018-04-26
Daily.rain,2018-04-27
Daily.rain,2018-04-28
Daily.rain,2018-04-29
Daily.rain,2018-04-30
Daily.rain,2018-05-01
Daily.rain,2018-05-02
Daily.rain,2018-05-03
Daily.rain,2018-05-04
Daily.rain,2018-05-05
Daily.rain,2018-05-06
Daily.rain,2018-05-07
Daily.rain,2018-05-08
Daily.rain,2018-05-09
Daily.rain,2018-05-10
Daily.rain,2018-05-11
Daily.rain,2018-05-12
Daily.rain,2018-05-13
Daily.rain,2018-05-14
Daily.rain,2018-05-15
Daily.rain,2018-05-16
Daily.rain,2018-05-17
Daily.rain,2018-05-18
Daily.rain,2018-05-19
Daily.rain,2018-05-20
Daily.rain,2018-05-21
Daily.rain,2018-05-22
Daily.rain,2018-05-23
Daily.rain,2018-05-24
Daily.rain,2018-05-25
Daily.rain,2018-05-26
Daily.rain,2018-05-27
Daily.rain,2018-05-28
Daily.rain,2018-05-29
Daily.rain,2018-05-30
Daily.rain,2018-05-31
Daily.rain,2018-06-01
Daily.rain,2018-06-02
Daily.rain,2018-06-03
Daily.rain,2018-06-04
Daily.rain,2018-06-05
Daily.rain,2018-06-06
Daily.rain,2018-06-07
Daily.rain,2018-06-08
Daily.rain,2018-06-09
Daily.rain,2018-06-10
Daily.rain,2018-06-11
Daily.rain,2018-06-12
Daily.rain,2018-06-13
Daily.rain,2018-06-14
Daily.rain,2018-06-15
Daily.rain,2018-06-16
Daily.rain,2018-06-17
Daily.rain,2018-06-18
Daily.rain,2018-06-19
Daily.rain,2018-06-20
Daily.rain,2018-06-21
Daily.rain,2018-06-22
Daily.rain,2018-06-23
Daily.rain,2018-06-24
Daily.rain,2018-06-25
Daily.rain,2018-06-26
Daily.rain,2018-06-27
Daily.rain,2018-06-28
Daily.rain,2018-06-29
Daily.rain,2018-06-30
Daily.rain,2018-07-01
Daily.rain,2018-07-02
Daily.rain,2018-07-03
Daily.rain,2018-07-04
Daily.rain,2018-07-05
Daily.rain,2018-07-06
Daily.rain,2018-07-07
Daily.rain,2018-07-08
Daily.rain,2018-07-09
Daily.rain,2018-07-10
Daily.rain,2018-07-11
Daily.rain,2018-07-12
Daily.rain,2018-07-13
Daily.rain,2018-07-14
Daily.rain,2018-07-15
Daily.rain,2018-07-16
Daily.rain,2018-07-17
Daily.rain,2018-07-18
Daily.rain,2018-07-19
Daily.rain,2018-07-20
Daily.rain,2018-07-21
Daily.rain,2018-07-22
Daily.rain,2018-07-23
Daily.rain,2018-07-24
Daily.rain,2018-07-25
Daily.rain,2018-07-26
Daily.rain,2018-07-27
Daily.rain,2018-07-28
Daily.rain,2018-07-29
Daily.rain,2018-07-30
Daily.rain,2018-07-31
Daily.rain,2018-08-01
Daily.rain,2018-08-02
Daily.rain,2018-08-03
Daily.rain,2018-08-04
Daily.rain,2018-08-05
Daily.rain,2018-08-06
Daily.rain,2018-08-07
Daily.rain,2018-08-08
Daily.rain,2018-08-09
Daily.rain,2018-08-10
Daily.rain,2018-08-11
Daily.rain,2018-08-12
Daily.rain,2018-08-13
Daily.rain,2018-08-14
Daily.rain,2018-08-15
Daily.rain,2018-08-16
Daily.rain,2018-08-17
Daily.rain,2018-08-18
Daily.rain,2018-08-19
Daily.rain,2018-08-20
Daily.rain,2018-08-21
Daily.rain,2018-08-22
Daily.rain,2018-08-23
Daily.rain,2018-08-24
Daily.rain,2018-08-25
Daily.rain,2018-08-26
Daily.rain,2018-08-27
Daily.rain,2018-08-28
Daily.rain,2018-08-29
Daily.rain,2018-08-30
Daily.rain,2018-08-31
Daily.rain,2018-09-01
Daily.rain,2018-09-02
Daily.rain,2018-09-03
Daily.rain,2018-09-04
Daily.rain,2018-09-05
Daily.rain,2018-09-06
Daily.rain,2018-09-07
Daily.rain,2018-09-08
Daily.rain,2018-09-09
Daily.rain,2018-09-10
Daily.rain,2018-09-11
Daily.rain,2018-09-12
Daily.rain,2018-09-13
Daily.rain,2018-09-14
Daily.rain,2018-09-15
Daily.rain,2018-09-16
Daily.rain,2018-09-17
Daily.rain,2018-09-18
Daily.rain,2018-09-19
Daily.rain,2018-09-20
Daily.rain,2018-09-21
Daily.rain,2018-09-22
Daily.rain,2018-09-23
Daily.rain,2018-09-24
Daily.rain,2018-09-25
Daily.rain,2018-09-26
Daily.rain,2018-09-27
Daily.rain,2018-09-28
Daily.rain,2018-09-29
Daily.rain,2018-09-30
Daily.rain,2018-10-01
Daily.rain,2018-10-02
Daily.rain,2018-10-03
Daily.rain,2018-10-04
Daily.rain,2018-10-05
Daily.rain,2018-10-06
Daily.rain,2018-10-07
Daily.rain,2018-10-08
Daily.rain,2018-10-09
Daily.rain,2018-10-10
Daily.rain,2018-10-11
Daily.rain,2018-10-12
Daily.rain,2018-10-13
Daily.rain,2018-10-14
Daily.rain,2018-10-15
Daily.rain,2018-10-16
Daily.rain,2018-10-17
Daily.rain,2018-10-18
Daily.rain,2018-10-19
Daily.rain,2018-10-20
Daily.rain,2018-10-21
Daily.rain,2018-10-22
Daily.rain,2018-10-23
Daily.rain,2018-10-24
Daily.rain,2018-10-25
Daily.rain,2018-10-26
Daily.rain,2018-10-27
Daily.rain,2018-10-28
Daily.rain,2018-10-29
Daily.rain,2018-10-30
Daily.rain,2018-10-31
Daily.rain,2018-11-01
Daily.rain,2018-11-02
Daily.rain,2018-11-03
Daily.rain,2018-11-04
Daily.rain,2018-11-05
Daily.rain,2018-11-06
Daily.rain,2018-11-07
Daily.rain,2018-11-08
Daily.rain,2018-11-09
Daily.rain,2018-11-10
Daily.rain,2018-11-11
Daily.rain,2018-11-12
Daily.rain,2018-11-13
Daily.rain,2018-11-14
Daily.rain,2018-11-15
Daily.rain,2018-11-16
Daily.rain,2018-11-17
Daily.rain,2018-11-18
Daily.rain,2018-11-19
Daily.rain,2018-11-20
Daily.rain,2018-11-21
Daily.rain,2018-11-22
Daily.rain,2018-11-23
Daily.rain,2018-11-24
Daily.rain,2018-11-25
Daily.rain,2018-11-26
Daily.rain,2018-11-27
Daily.rain,2018-11-28
Daily.rain,2018-11-29
Daily.rain,2018-11-30
Daily.rain,2018-12-01
Daily.rain,2018-12-02
Daily.rain,2018-12-03
Daily.rain,2018-12-04
Daily.rain,2018-12-05
Daily.rain,2018-12-06
Daily.rain,2018-12-07
Daily.rain,2018-12-08
Daily.rain,2018-12-09
Daily.rain,2018-12-10
Daily.rain,2018-12-11
Daily.rain,2018-12-12
Daily.rain,2018-12-13
Daily.rain,2018-12-14
Daily.rain,2018-12-15
Daily.rain,2018-12-16
Daily.rain,2018-12-17
Daily.rain,2018-12-18
Daily.rain,2018-12-19
Daily.rain,2018-12-20
Daily.rain,2018-12-21
Daily.rain,2018-12-22
Daily.rain,2018-12-23
Daily.rain,2018-12-24
Daily.rain,2018-12-25
Daily.rain,2018-12-26
Daily.rain,2018-12-27
Daily.rain,2018-12-28
Daily.rain,2018-12-29
Daily.rain,2018-12-30
Daily.rain,2018-12-31
Fraxinus,2017-01-01
Fraxinus,2017-01-02
Fraxinus,2017-01-03
Fraxinus,2017-01-04
Fraxinus,2017-01-05
Fraxinus,2017-01-06
Fraxinus,2017-01-07
Fraxinus,2017-01-08
Fraxinus,2017-01-09
Fraxinus,2017-01-10
Fraxinus,2017-01-11
Fraxinus,2017-01-12
Fraxinus,2017-01-13
Fraxinus,2017-01-14
Fraxinus,2017-01-15
Fraxinus,2017-01-16
Fraxinus,2017-01-17
Fraxinus,2017-01-18
Fraxinus,2017-01-19
Fraxinus,2017-01-20
Fraxinus,2017-01-21
Fraxinus,2017-01-22
Fraxinus,2017-01-23
Fraxinus,2017-01-24
Fraxinus,2017-01-25
Fraxinus,2017-01-26
Fraxinus,2017-01-27
Fraxinus,2017-01-28
Fraxinus,2017-01-29
Fraxinus,2017-01-30
Fraxinus,2017-01-31
Fraxinus,2017-02-01
Fraxinus,2017-02-02
Fraxinus,2017-02-03
Fraxinus,2017-02-04
Fraxinus,2017-02-05
Fraxinus,2017-02-06
Fraxinus,2017-02-07
Fraxinus,2017-02-08
Fraxinus,2017-02-09
Fraxinus,2017-02-10
Fraxinus,2017-02-11
Fraxinus,2017-02-12
Fraxinus,2017-02-13
Fraxinus,2017-02-14
Fraxinus,2017-02-15
Fraxinus,2017-02-16
Fraxinus,2017-02-17
Fraxinus,2017-02-18
Fraxinus,2017-02-19
Fraxinus,2017-02-20
Fraxinus,2017-02-21
Fraxinus,2017-02-22
Fraxinus,2017-02-23
Fraxinus,2017-02-24
Fraxinus,2017-02-25
Fraxinus,2017-02-26
Fraxinus,2017-02-27
Fraxinus,2017-02-28
Fraxinus,2017-03-01
Fraxinus,2017-03-02
Fraxinus,2017-03-03
Fraxinus,2017-03-04
Fraxinus,2017-03-05
Fraxinus,2017-03-06
Fraxinus,2017-03-07
Fraxinus,2017-03-08
Fraxinus,2017-03-09
Fraxinus,2017-03-10
Fraxinus,2017-03-11
Fraxinus,2017-03-12
Fraxinus,2017-03-13
Fraxinus,2017-03-14
Fraxinus,2017-03-15
Fraxinus,2017-03-16
Fraxinus,2017-03-17
Fraxinus,2017-03-18
Fraxinus,2017-03-19
Fraxinus,2017-03-20
Fraxinus,2017-03-21
Fraxinus,2017-03-22
Fraxinus,2017-03-23
Fraxinus,2017-03-24
Fraxinus,2017-03-25
Fraxinus,2017-03-26
Fraxinus,2017-03-27
Fraxinus,2017-03-28
Fraxinus,2017-03-29
Fraxinus,2017-03-30
Fraxinus,2017-03-31
Fraxinus,2017-04-01
Fraxinus,2017-04-02
Fraxinus,2017-04-03
Fraxinus,2017-04-04
Fraxinus,2017-04-05
Fraxinus,2017-04-06
Fraxinus,2017-04-07
Fraxinus,2017-04-08
Fraxinus,2017-04-09
Fraxinus,2017-04-10
Fraxinus,2017-04-11
Fraxinus,2017-04-12
Fraxinus,2017-04-13
Fraxinus,2017-04-14
Fraxinus,2017-04-15
Fraxinus,2017-04-16
Fraxinus,2017-04-17
Fraxinus,2017-04-18
Fraxinus,2017-04-19
Fraxinus,2017-04-20
Fraxinus,2017-04-21
Fraxinus,2017-04-22
Fraxinus,2017-04-23
Fraxinus,2017-04-24
Fraxinus,2017-04-25
Fraxinus,2017-04-26
Fraxinus,2017-04-27
Fraxinus,2017-04-28
Fraxinus,2017-04-29
Fraxinus,2017-04-30
Fraxinus,2017-05-01
Fraxinus,2017-05-02
Fraxinus,2017-05-03
Fraxinus,2017-05-04
Fraxinus,2017-05-05
Fraxinus,2017-05-06
Fraxinus,2017-05-07
Fraxinus,2017-05-08
Fraxinus,2017-05-09
Fraxinus,2017-05-10
Fraxinus,2017-05-11
Fraxinus,2017-05-12
Fraxinus,2017-05-13
Fraxinus,2017-05-14
Fraxinus,2017-05-15
Fraxinus,2017-05-16
Fraxinus,2017-05-17
Fraxinus,2017-05-18
Fraxinus,2017-05-19
Fraxinus,2017-05-20
Fraxinus,2017-05-21
Fraxinus,2017-05-22
Fraxinus,2017-05-23
Fraxinus,2017-05-24
Fraxinus,2017-05-25
Fraxinus,2017-05-26
Fraxinus,2017-05-27
Fraxinus,2017-05-28
Fraxinus,2017-05-29
Fraxinus,2017-05-30
Fraxinus,2017-05-31
Fraxinus,2017-06-01
Fraxinus,2017-06-02
Fraxinus,2017-06-03
Fraxinus,2017-06-04
Fraxinus,2017-06-05
Fraxinus,2017-06-06
Fraxinus,2017-06-07
Fraxinus,2017-06-08
Fraxinus,2017-06-09
Fraxinus,2017-06-10
Fraxinus,2017-06-11
Fraxinus,2017-06-12
Fraxinus,2017-06-13
Fraxinus,2017-06-14
Fraxinus,2017-06-15
Fraxinus,2017-06-16
Fraxinus,2017-06-17
Fraxinus,2017-06-18
Fraxinus,2017-06-19
Fraxinus,2017-06-20
Fraxinus,2017-06-21
Fraxinus,2017-06-22
Fraxinus,2017-06-23
Fraxinus,2017-06-24
Fraxinus,2017-06-25
Fraxinus,2017-06-26
Fraxinus,2017-06-27
Fraxinus,2017-06-28
Fraxinus,2017-06-29
Fraxinus,2017-06-30
Fraxinus,2017-07-01
Fraxinus,2017-07-02
Fraxinus,2017-07-03
Fraxinus,2017-07-04
Fraxinus,2017-07-05
Fraxinus,2017-07-06
Fraxinus,2017-07-07
Fraxinus,2017-07-08
Fraxinus,2017-07-09
Fraxinus,2017-07-10
Fraxinus,2017-07-11
Fraxinus,2017-07-12
Fraxinus,2017-07-13
Fraxinus,2017-07-14
Fraxinus,2017-07-15
Fraxinus,2017-07-16
Fraxinus,2017-07-17
Fraxinus,2017-07-18
Fraxinus,2017-07-19
Fraxinus,2017-07-20
Fraxinus,2017-07-21
Fraxinus,2017-07-22
Fraxinus,2017-07-23
Fraxinus,2017-07-24
Fraxinus,2017-07-25
Fraxinus,2017-07-26
Fraxinus,2017-07-27
Fraxinus,2017-07-28
Fraxinus,2017-07-29
Fraxinus,2017-07-30
Fraxinus,2017-07-31
Fraxinus,2017-08-01
Fraxinus,2017-08-02
Fraxinus,2017-08-03
Fraxinus,2017-08-04
Fraxinus,2017-08-05
Fraxinus,2017-08-06
Fraxinus,2017-08-07
Fraxinus,2017-08-08
Fraxinus,2017-08-09
Fraxinus,2017-08-10
Fraxinus,2017-08-11
Fraxinus,2017-08-12
Fraxinus,2017-08-13
Fraxinus,2017-08-14
Fraxinus,2017-08-15
Fraxinus,2017-08-16
Fraxinus,2017-08-17
Fraxinus,2017-08-18
Fraxinus,2017-08-19
Fraxinus,2017-08-20
Fraxinus,2017-08-21
Fraxinus,2017-08-22
Fraxinus,2017-08-23
Fraxinus,2017-08-24
Fraxinus,2017-08-25
Fraxinus,2017-08-26
Fraxinus,2017-08-27
Fraxinus,2017-08-28
Fraxinus,2017-08-29
Fraxinus,2017-08-30
Fraxinus,2017-08-31
Fraxinus,2017-09-01
Fraxinus,2017-09-02
Fraxinus,2017-09-03
Fraxinus,2017-09-04
Fraxinus,2017-09-05
Fraxinus,2017-09-06
Fraxinus,2017-09-07
Fraxinus,2017-09-08
Fraxinus,2017-09-09
Fraxinus,2017-09-10
Fraxinus,2017-09-11
Fraxinus,2017-09-12
Fraxinus,2017-09-13
Fraxinus,2017-09-14
Fraxinus,2017-09-15
Fraxinus,2017-09-16
Fraxinus,2017-09-17
Fraxinus,2017-09-18
Fraxinus,2017-09-19
Fraxinus,2017-09-20
Fraxinus,2017-09-21
Fraxinus,2017-09-22
Fraxinus,2017-09-23
Fraxinus,2017-09-24
Fraxinus,2017-09-25
Fraxinus,2017-09-26
Fraxinus,2017-09-27
Fraxinus,2017-09-28
Fraxinus,2017-09-29
Fraxinus,2017-09-30
Fraxinus,2017-10-01
Fraxinus,2017-10-02
Fraxinus,2017-10-03
Fraxinus,2017-10-04
Fraxinus,2017-10-05
Fraxinus,2017-10-06
Fraxinus,2017-10-07
Fraxinus,2017-10-08
Fraxinus,2017-10-09
Fraxinus,2017-10-10
Fraxinus,2017-10-11
Fraxinus,2017-10-12
Fraxinus,2017-10-13
Fraxinus,2017-10-14
Fraxinus,2017-10-15
Fraxinus,2017-10-16
Fraxinus,2017-10-17
Fraxinus,2017-10-18
Fraxinus,2017-10-19
Fraxinus,2017-10-20
Fraxinus,2017-10-21
Fraxinus,2017-10-22
Fraxinus,2017-10-23
Fraxinus,2017-10-24
Fraxinus,2017-10-25
Fraxinus,2017-10-26
Fraxinus,2017-10-27
Fraxinus,2017-10-28
Fraxinus,2017-10-29
Fraxinus,2017-10-30
Fraxinus,2017-10-31
Fraxinus,2017-11-01
Fraxinus,2017-11-02
Fraxinus,2017-11-03
Fraxinus,2017-11-04
Fraxinus,2017-11-05
Fraxinus,2017-11-06
Fraxinus,2017-11-07
Fraxinus,2017-11-08
Fraxinus,2017-11-09
Fraxinus,2017-11-10
Fraxinus,2017-11-11
Fraxinus,2017-11-12
Fraxinus,2017-11-13
Fraxinus,2017-11-14
Fraxinus,2017-11-15
Fraxinus,2017-11-16
Fraxinus,2017-11-17
Fraxinus,2017-11-18
Fraxinus,2017-11-19
Fraxinus,2017-11-20
Fraxinus,2017-11-21
Fraxinus,2017-11-22
Fraxinus,2017-11-23
Fraxinus,2017-11-24
Fraxinus,2017-11-25
Fraxinus,2017-11-26
Fraxinus,2017-11-27
Fraxinus,2017-11-28
Fraxinus,2017-11-29
Fraxinus,2017-11-30
Fraxinus,2017-12-01
Fraxinus,2017-12-02
Fraxinus,2017-12-03
Fraxinus,2017-12-04
Fraxinus,2017-12-05
Fraxinus,2017-12-06
Fraxinus,2017-12-07
Fraxinus,2017-12-08
Fraxinus,2017-12-09
Fraxinus,2017-12-10
Fraxinus,2017-12-11
Fraxinus,2017-12-12
Fraxinus,2017-12-13
Fraxinus,2017-12-14
Fraxinus,2017-12-15
Fraxinus,2017-12-16
Fraxinus,2017-12-17
Fraxinus,2017-12-18
Fraxinus,2017-12-19
Fraxinus,2017-12-20
Fraxinus,2017-12-21
Fraxinus,2017-12-22
Fraxinus,2017-12-23
Fraxinus,2017-12-24
Fraxinus,2017-12-25
Fraxinus,2017-12-26
Fraxinus,2017-12-27
Fraxinus,2017-12-28
Fraxinus,2017-12-29
Fraxinus,2017-12-30
Fraxinus,2017-12-31
Fraxinus,2018-01-01
Fraxinus,2018-01-02
Fraxinus,2018-01-03
Fraxinus,2018-01-04
Fraxinus,2018-01-05
Fraxinus,2018-01-06
Fraxinus,2018-01-07
Fraxinus,2018-01-08
Fraxinus,2018-01-09
Fraxinus,2018-01-10
Fraxinus,2018-01-11
Fraxinus,2018-01-12
Fraxinus,2018-01-13
Fraxinus,2018-01-14
Fraxinus,2018-01-15
Fraxinus,2018-01-16
Fraxinus,2018-01-17
Fraxinus,2018-01-18
Fraxinus,2018-01-19
Fraxinus,2018-01-20
Fraxinus,2018-01-21
Fraxinus,2018-01-22
Fraxinus,2018-01-23
Fraxinus,2018-01-24
Fraxinus,2018-01-25
Fraxinus,2018-01-26
Fraxinus,2018-01-27
Fraxinus,2018-01-28
Fraxinus,2018-01-29
Fraxinus,2018-01-30
Fraxinus,2018-01-31
Fraxinus,2018-02-01
Fraxinus,2018-02-02
Fraxinus,2018-02-03
Fraxinus,2018-02-04
Fraxinus,2018-02-05
Fraxinus,2018-02-06
Fraxinus,2018-02-07
Fraxinus,2018-02-08
Fraxinus,2018-02-09
Fraxinus,2018-02-10
Fraxinus,2018-02-11
Fraxinus,2018-02-12
Fraxinus,2018-02-13
Fraxinus,2018-02-14
Fraxinus,2018-02-15
Fraxinus,2018-02-16
Fraxinus,2018-02-17
Fraxinus,2018-02-18
Fraxinus,2018-02-19
Fraxinus,2018-02-20
Fraxinus,2018-02-21
Fraxinus,2018-02-22
Fraxinus,2018-02-23
Fraxinus,2018-02-24
Fraxinus,2018-02-25
Fraxinus,2018-02-26
Fraxinus,2018-02-27
Fraxinus,2018-02-28
Fraxinus,2018-03-01
Fraxinus,2018-03-02
Fraxinus,2018-03-03
Fraxinus,2018-03-04
Fraxinus,2018-03-05
Fraxinus,2018-03-06
Fraxinus,2018-03-07
Fraxinus,2018-03-08
Fraxinus,2018-03-09
Fraxinus,2018-03-10
Fraxinus,2018-03-11
Fraxinus,2018-03-12
Fraxinus,2018-03-13
Fraxinus,2018-03-14
Fraxinus,2018-03-15
Fraxinus,2018-03-16
Fraxinus,2018-03-17
Fraxinus,2018-03-18
Fraxinus,2018-03-19
Fraxinus,2018-03-20
Fraxinus,2018-03-21
Fraxinus,2018-03-22
Fraxinus,2018-03-23
Fraxinus,2018-03-24
Fraxinus,2018-03-25
Fraxinus,2018-03-26
Fraxinus,2018-03-27
Fraxinus,2018-03-28
Fraxinus,2018-03-29
Fraxinus,2018-03-30
Fraxinus,2018-03-31
Fraxinus,2018-04-01
Fraxinus,2018-04-02
Fraxinus,2018-04-03
Fraxinus,2018-04-04
Fraxinus,2018-04-05
Fraxinus,2018-04-06
Fraxinus,2018-04-07
Fraxinus,2018-04-08
Fraxinus,2018-04-09
Fraxinus,2018-04-10
Fraxinus,2018-04-11
Fraxinus,2018-04-12
Fraxinus,2018-04-13
Fraxinus,2018-04-14
Fraxinus,2018-04-15
Fraxinus,2018-04-16
Fraxinus,2018-04-17
Fraxinus,2018-04-18
Fraxinus,2018-04-19
Fraxinus,2018-04-20
Fraxinus,2018-04-21
Fraxinus,2018-04-22
Fraxinus,2018-04-23
Fraxinus,2018-04-24
Fraxinus,2018-04-25
Fraxinus,2018-04-26
Fraxinus,2018-04-27
Fraxinus,2018-04-28
Fraxinus,2018-04-29
Fraxinus,2018-04-30
Fraxinus,2018-05-01
Fraxinus,2018-05-02
Fraxinus,2018-05-03
Fraxinus,2018-05-04
Fraxinus,2018-05-05
Fraxinus,2018-05-06
Fraxinus,2018-05-07
Fraxinus,2018-05-08
Fraxinus,2018-05-09
Fraxinus,2018-05-10
Fraxinus,2018-05-11
Fraxinus,2018-05-12
Fraxinus,2018-05-13
Fraxinus,2018-05-14
Fraxinus,2018-05-15
Fraxinus,2018-05-16
Fraxinus,2018-05-17
Fraxinus,2018-05-18
Fraxinus,2018-05-19
Fraxinus,2018-05-20
Fraxinus,2018-05-21
Fraxinus,2018-05-22
Fraxinus,2018-05-23
Fraxinus,2018-05-24
Fraxinus,2018-05-25
Fraxinus,2018-05-26
Fraxinus,2018-05-27
Fraxinus,2018-05-28
Fraxinus,2018-05-29
Fraxinus,2018-05-30
Fraxinus,2018-05-31
Fraxinus,2018-06-01
Fraxinus,2018-06-02
Fraxinus,2018-06-03
Fraxinus,2018-06-04
Fraxinus,2018-06-05
Fraxinus,2018-06-06
Fraxinus,2018-06-07
Fraxinus,2018-06-08
Fraxinus,2018-06-09
Fraxinus,2018-06-10
Fraxinus,2018-06-11
Fraxinus,2018-06-12
Fraxinus,2018-06-13
Fraxinus,2018-06-14
Fraxinus,2018-06-15
Fraxinus,2018-06-16
Fraxinus,2018-06-17
Fraxinus,2018-06-18
Fraxinus,2018-06-19
Fraxinus,2018-06-20
Fraxinus,2018-06-21
Fraxinus,2018-06-22
Fraxinus,2018-06-23
Fraxinus,2018-06-24
Fraxinus,2018-06-25
Fraxinus,2018-06-26
Fraxinus,2018-06-27
Fraxinus,2018-06-28
Fraxinus,2018-06-29
Fraxinus,2018-06-30
Fraxinus,2018-07-01
Fraxinus,2018-07-02
Fraxinus,2018-07-03
Fraxinus,2018-07-04
Fraxinus,2018-07-05
Fraxinus,2018-07-06
Fraxinus,2018-07-07
Fraxinus,2018-07-08
Fraxinus,2018-07-09
Fraxinus,2018-07-10
Fraxinus,2018-07-11
Fraxinus,2018-07-12
Fraxinus,2018-07-13
Fraxinus,2018-07-14
Fraxinus,2018-07-15
Fraxinus,2018-07-16
Fraxinus,2018-07-17
Fraxinus,2018-07-18
Fraxinus,2018-07-19
Fraxinus,2018-07-20
Fraxinus,2018-07-21
Fraxinus,2018-07-22
Fraxinus,2018-07-23
Fraxinus,2018-07-24
Fraxinus,2018-07-25
Fraxinus,2018-07-26
Fraxinus,2018-07-27
Fraxinus,2018-07-28
Fraxinus,2018-07-29
Fraxinus,2018-07-30
Fraxinus,2018-07-31
Fraxinus,2018-08-01
Fraxinus,2018-08-02
Fraxinus,2018-08-03
Fraxinus,2018-08-04
Fraxinus,2018-08-05
Fraxinus,2018-08-06
Fraxinus,2018-08-07
Fraxinus,2018-08-08
Fraxinus,2018-08-09
Fraxinus,2018-08-10
Fraxinus,2018-08-11
Fraxinus,2018-08-12
Fraxinus,2018-08-13
Fraxinus,2018-08-14
Fraxinus,2018-08-15
Fraxinus,2018-08-16
Fraxinus,2018-08-17
Fraxinus,2018-08-18
Fraxinus,2018-08-19
Fraxinus,2018-08-20
Fraxinus,2018-08-21
Fraxinus,2018-08-22
Fraxinus,2018-08-23
Fraxinus,2018-08-24
Fraxinus,2018-08-25
Fraxinus,2018-08-26
Fraxinus,2018-08-27
Fraxinus,2018-08-28
Fraxinus,2018-08-29
Fraxinus,2018-08-30
Fraxinus,2018-08-31
Fraxinus,2018-09-01
Fraxinus,2018-09-02
Fraxinus,2018-09-03
Fraxinus,2018-09-04
Fraxinus,2018-09-05
Fraxinus,2018-09-06
Fraxinus,2018-09-07
Fraxinus,2018-09-08
Fraxinus,2018-09-09
Fraxinus,2018-09-10
Fraxinus,2018-09-11
Fraxinus,2018-09-12
Fraxinus,2018-09-13
Fraxinus,2018-09-14
Fraxinus,2018-09-15
Fraxinus,2018-09-16
Fraxinus,2018-09-17
Fraxinus,2018-09-18
Fraxinus,2018-09-19
Fraxinus,2018-09-20
Fraxinus,2018-09-21
Fraxinus,2018-09-22
Fraxinus,2018-09-23
Fraxinus,2018-09-24
Fraxinus,2018-09-25
Fraxinus,2018-09-26
Fraxinus,2018-09-27
Fraxinus,2018-09-28
Fraxinus,2018-09-29
Fraxinus,2018-09-30
Fraxinus,2018-10-01
Fraxinus,2018-10-02
Fraxinus,2018-10-03
Fraxinus,2018-10-04
Fraxinus,2018-10-05
Fraxinus,2018-10-06
Fraxinus,2018-10-07
Fraxinus,2018-10-08
Fraxinus,2018-10-09
Fraxinus,2018-10-10
Fraxinus,2018-10-11
Fraxinus,2018-10-12
Fraxinus,2018-10-13
Fraxinus,2018-10-14
Fraxinus,2018-10-15
Fraxinus,2018-10-16
Fraxinus,2018-10-17
Fraxinus,2018-10-18
Fraxinus,2018-10-19
Fraxinus,2018-10-20
Fraxinus,2018-10-21
Fraxinus,2018-10-22
Fraxinus,2018-10-23
Fraxinus,2018-10-24
Fraxinus,2018-10-25
Fraxinus,2018-10-26
Fraxinus,2018-10-27
Fraxinus,2018-10-28
Fraxinus,2018-10-29
Fraxinus,2018-10-30
Fraxinus,2018-10-31
Fraxinus,2018-11-01
Fraxinus,2018-11-02
Fraxinus,2018-11-03
Fraxinus,2018-11-04
Fraxinus,2018-11-05
Fraxinus,2018-11-06
Fraxinus,2018-11-07
Fraxinus,2018-11-08
Fraxinus,2018-11-09
Fraxinus,2018-11-10
Fraxinus,2018-11-11
Fraxinus,2018-11-12
Fraxinus,2018-11-13
Fraxinus,2018-11-14
Fraxinus,2018-11-15
Fraxinus,2018-11-16
Fraxinus,2018-11-17
Fraxinus,2018-11-18
Fraxinus,2018-11-19
Fraxinus,2018-11-20
Fraxinus,2018-11-21
Fraxinus,2018-11-22
Fraxinus,2018-11-23
Fraxinus,2018-11-24
Fraxinus,2018-11-25
Fraxinus,2018-11-26
Fraxinus,2018-11-27
Fraxinus,2018-11-28
Fraxinus,2018-11-29
Fraxinus,2018-11-30
Fraxinus,2018-12-01
Fraxinus,2018-12-02
Fraxinus,2018-12-03
Fraxinus,2018-12-04
Fraxinus,2018-12-05
Fraxinus,2018-12-06
Fraxinus,2018-12-07
Fraxinus,2018-12-08
Fraxinus,2018-12-09
Fraxinus,2018-12-10
Fraxinus,2018-12-11
Fraxinus,2018-12-12
Fraxinus,2018-12-13
Fraxinus,2018-12-14
Fraxinus,2018-12-15
Fraxinus,2018-12-16
Fraxinus,2018-12-17
Fraxinus,2018-12-18
Fraxinus,2018-12-19
Fraxinus,2018-12-20
Fraxinus,2018-12-21
Fraxinus,2018-12-22
Fraxinus,2018-12-23
Fraxinus,2018-12-24
Fraxinus,2018-12-25
Fraxinus,2018-12-26
Fraxinus,2018-12-27
Fraxinus,2018-12-28
Fraxinus,2018-12-29
Fraxinus,2018-12-30
Fraxinus,2018-12-31
Humidity.max,2017-01-01
Humidity.max,2017-01-02
Humidity.max,2017-01-03
Humidity.max,2017-01-04
Humidity.max,2017-01-05
Humidity.max,2017-01-06
Humidity.max,2017-01-07
Humidity.max,2017-01-08
Humidity.max,2017-01-09
Humidity.max,2017-01-10
Humidity.max,2017-01-11
Humidity.max,2017-01-12
Humidity.max,2017-01-13
Humidity.max,2017-01-14
Humidity.max,2017-01-15
Humidity.max,2017-01-16
Humidity.max,2017-01-17
Humidity.max,2017-01-18
Humidity.max,2017-01-19
Humidity.max,2017-01-20
Humidity.max,2017-01-21
Humidity.max,2017-01-22
Humidity.max,2017-01-23
Humidity.max,2017-01-24
Humidity.max,2017-01-25
Humidity.max,2017-01-26
Humidity.max,2017-01-27
Humidity.max,2017-01-28
Humidity.max,2017-01-29
Humidity.max,2017-01-30
Humidity.max,2017-01-31
Humidity.max,2017-02-01
Humidity.max,2017-02-02
Humidity.max,2017-02-03
Humidity.max,2017-02-04
Humidity.max,2017-02-05
Humidity.max,2017-02-06
Humidity.max,2017-02-07
Humidity.max,2017-02-08
Humidity.max,2017-02-09
Humidity.max,2017-02-10
Humidity.max,2017-02-11
Humidity.max,2017-02-12
Humidity.max,2017-02-13
Humidity.max,2017-02-14
Humidity.max,2017-02-15
Humidity.max,2017-02-16
Humidity.max,2017-02-17
Humidity.max,2017-02-18
Humidity.max,2017-02-19
Humidity.max,2017-02-20
Humidity.max,2017-02-21
Humidity.max,2017-02-22
Humidity.max,2017-02-23
Humidity.max,2017-02-24
Humidity.max,2017-02-25
Humidity.max,2017-02-26
Humidity.max,2017-02-27
Humidity.max,2017-02-28
Humidity.max,2017-03-01
Humidity.max,2017-03-02
Humidity.max,2017-03-03
Humidity.max,2017-03-04
Humidity.max,2017-03-05
Humidity.max,2017-03-06
Humidity.max,2017-03-07
Humidity.max,2017-03-08
Humidity.max,2017-03-09
Humidity.max,2017-03-10
Humidity.max,2017-03-11
Humidity.max,2017-03-12
Humidity.max,2017-03-13
Humidity.max,2017-03-14
Humidity.max,2017-03-15
Humidity.max,2017-03-16
Humidity.max,2017-03-17
Humidity.max,2017-03-18
Humidity.max,2017-03-19
Humidity.max,2017-03-20
Humidity.max,2017-03-21
Humidity.max,2017-03-22
Humidity.max,2017-03-23
Humidity.max,2017-03-24
Humidity.max,2017-03-25
Humidity.max,2017-03-26
Humidity.max,2017-03-27
Humidity.max,2017-03-28
Humidity.max,2017-03-29
Humidity.max,2017-03-30
Humidity.max,2017-03-31
Humidity.max,2017-04-01
Humidity.max,2017-04-02
Humidity.max,2017-04-03
Humidity.max,2017-04-04
Humidity.max,2017-04-05
Humidity.max,2017-04-06
Humidity.max,2017-04-07
Humidity.max,2017-04-08
Humidity.max,2017-04-09
Humidity.max,2017-04-10
Humidity.max,2017-04-11
Humidity.max,2017-04-12
Humidity.max,2017-04-13
Humidity.max,2017-04-14
Humidity.max,2017-04-15
Humidity.max,2017-04-16
Humidity.max,2017-04-17
Humidity.max,2017-04-18
Humidity.max,2017-04-19
Humidity.max,2017-04-20
Humidity.max,2017-04-21
Humidity.max,2017-04-22
Humidity.max,2017-04-23
Humidity.max,2017-04-24
Humidity.max,2017-04-25
Humidity.max,2017-04-26
Humidity.max,2017-04-27
Humidity.max,2017-04-28
Humidity.max,2017-04-29
Humidity.max,2017-04-30
Humidity.max,2017-05-01
Humidity.max,2017-05-02
Humidity.max,2017-05-03
Humidity.max,2017-05-04
Humidity.max,2017-05-05
Humidity.max,2017-05-06
Humidity.max,2017-05-07
Humidity.max,2017-05-08
Humidity.max,2017-05-09
Humidity.max,2017-05-10
Humidity.max,2017-05-11
Humidity.max,2017-05-12
Humidity.max,2017-05-13
Humidity.max,2017-05-14
Humidity.max,2017-05-15
Humidity.max,2017-05-16
Humidity.max,2017-05-17
Humidity.max,2017-05-18
Humidity.max,2017-05-19
Humidity.max,2017-05-20
Humidity.max,2017-05-21
Humidity.max,2017-05-22
Humidity.max,2017-05-23
Humidity.max,2017-05-24
Humidity.max,2017-05-25
Humidity.max,2017-05-26
Humidity.max,2017-05-27
Humidity.max,2017-05-28
Humidity.max,2017-05-29
Humidity.max,2017-05-30
Humidity.max,2017-05-31
Humidity.max,2017-06-01
Humidity.max,2017-06-02
Humidity.max,2017-06-03
Humidity.max,2017-06-04
Humidity.max,2017-06-05
Humidity.max,2017-06-06
Humidity.max,2017-06-07
Humidity.max,2017-06-08
Humidity.max,2017-06-09
Humidity.max,2017-06-10
Humidity.max,2017-06-11
Humidity.max,2017-06-12
Humidity.max,2017-06-13
Humidity.max,2017-06-14
Humidity.max,2017-06-15
Humidity.max,2017-06-16
Humidity.max,2017-06-17
Humidity.max,2017-06-18
Humidity.max,2017-06-19
Humidity.max,2017-06-20
Humidity.max,2017-06-21
Humidity.max,2017-06-22
Humidity.max,2017-06-23
Humidity.max,2017-06-24
Humidity.max,2017-06-25
Humidity.max,2017-06-26
Humidity.max,2017-06-27
Humidity.max,2017-06-28
Humidity.max,2017-06-29
Humidity.max,2017-06-30
Humidity.max,2017-07-01
Humidity.max,2017-07-02
Humidity.max,2017-07-03
Humidity.max,2017-07-04
Humidity.max,2017-07-05
Humidity.max,2017-07-06
Humidity.max,2017-07-07
Humidity.max,2017-07-08
Humidity.max,2017-07-09
Humidity.max,2017-07-10
Humidity.max,2017-07-11
Humidity.max,2017-07-12
Humidity.max,2017-07-13
Humidity.max,2017-07-14
Humidity.max,2017-07-15
Humidity.max,2017-07-16
Humidity.max,2017-07-17
Humidity.max,2017-07-18
Humidity.max,2017-07-19
Humidity.max,2017-07-20
Humidity.max,2017-07-21
Humidity.max,2017-07-22
Humidity.max,2017-07-23
Humidity.max,2017-07-24
Humidity.max,2017-07-25
Humidity.max,2017-07-26
Humidity.max,2017-07-27
Humidity.max,2017-07-28
Humidity.max,2017-07-29
Humidity.max,2017-07-30
Humidity.max,2017-07-31
Humidity.max,2017-08-01
Humidity.max,2017-08-02
Humidity.max,2017-08-03
Humidity.max,2017-08-04
Humidity.max,2017-08-05
Humidity.max,2017-08-06
Humidity.max,2017-08-07
Humidity.max,2017-08-08
Humidity.max,2017-08-09
Humidity.max,2017-08-10
Humidity.max,2017-08-11
Humidity.max,2017-08-12
Humidity.max,2017-08-13
Humidity.max,2017-08-14
Humidity.max,2017-08-15
Humidity.max,2017-08-16
Humidity.max,2017-08-17
Humidity.max,2017-08-18
Humidity.max,2017-08-19
Humidity.max,2017-08-20
Humidity.max,2017-08-21
Humidity.max,2017-08-22
Humidity.max,2017-08-23
Humidity.max,2017-08-24
Humidity.max,2017-08-25
Humidity.max,2017-08-26
Humidity.max,2017-08-27
Humidity.max,2017-08-28
Humidity.max,2017-08-29
Humidity.max,2017-08-30
Humidity.max,2017-08-31
Humidity.max,2017-09-01
Humidity.max,2017-09-02
Humidity.max,2017-09-03
Humidity.max,2017-09-04
Humidity.max,2017-09-05
Humidity.max,2017-09-06
Humidity.max,2017-09-07
Humidity.max,2017-09-08
Humidity.max,2017-09-09
Humidity.max,2017-09-10
Humidity.max,2017-09-11
Humidity.max,2017-09-12
Humidity.max,2017-09-13
Humidity.max,2017-09-14
Humidity.max,2017-09-15
Humidity.max,2017-09-16
Humidity.max,2017-09-17
Humidity.max,2017-09-18
Humidity.max,2017-09-19
Humidity.max,2017-09-20
Humidity.max,2017-09-21
Humidity.max,2017-09-22
Humidity.max,2017-09-23
Humidity.max,2017-09-24
Humidity.max,2017-09-25
Humidity.max,2017-09-26
Humidity.max,2017-09-27
Humidity.max,2017-09-28
Humidity.max,2017-09-29
Humidity.max,2017-09-30
Humidity.max,2017-10-01
Humidity.max,2017-10-02
Humidity.max,2017-10-03
Humidity.max,2017-10-04
Humidity.max,2017-10-05
Humidity.max,2017-10-06
Humidity.max,2017-10-07
Humidity.max,2017-10-08
Humidity.max,2017-10-09
Humidity.max,2017-10-10
Humidity.max,2017-10-11
Humidity.max,2017-10-12
Humidity.max,2017-10-13
Humidity.max,2017-10-14
Humidity.max,2017-10-15
Humidity.max,2017-10-16
Humidity.max,2017-10-17
Humidity.max,2017-10-18
Humidity.max,2017-10-19
Humidity.max,2017-10-20
Humidity.max,2017-10-21
Humidity.max,2017-10-22
Humidity.max,2017-10-23
Humidity.max,2017-10-24
Humidity.max,2017-10-25
Humidity.max,2017-10-26
Humidity.max,2017-10-27
Humidity.max,2017-10-28
Humidity.max,2017-10-29
Humidity.max,2017-10-30
Humidity.max,2017-10-31
Humidity.max,2017-11-01
Humidity.max,2017-11-02
Humidity.max,2017-11-03
Humidity.max,2017-11-04
Humidity.max,2017-11-05
Humidity.max,2017-11-06
Humidity.max,2017-11-07
Humidity.max,2017-11-08
Humidity.max,2017-11-09
Humidity.max,2017-11-10
Humidity.max,2017-11-11
Humidity.max,2017-11-12
Humidity.max,2017-11-13
Humidity.max,2017-11-14
Humidity.max,2017-11-15
Humidity.max,2017-11-16
Humidity.max,2017-11-17
Humidity.max,2017-11-18
Humidity.max,2017-11-19
Humidity.max,2017-11-20
Humidity.max,2017-11-21
Humidity.max,2017-11-22
Humidity.max,2017-11-23
Humidity.max,2017-11-24
Humidity.max,2017-11-25
Humidity.max,2017-11-26
Humidity.max,2017-11-27
Humidity.max,2017-11-28
Humidity.max,2017-11-29
Humidity.max,2017-11-30
Humidity.max,2017-12-01
Humidity.max,2017-12-02
Humidity.max,2017-12-03
Humidity.max,2017-12-04
Humidity.max,2017-12-05
Humidity.max,2017-12-06
Humidity.max,2017-12-07
Humidity.max,2017-12-08
Humidity.max,2017-12-09
Humidity.max,2017-12-10
Humidity.max,2017-12-11
Humidity.max,2017-12-12
Humidity.max,2017-12-13
Humidity.max,2017-12-14
Humidity.max,2017-12-15
Humidity.max,2017-12-16
Humidity.max,2017-12-17
Humidity.max,2017-12-18
Humidity.max,2017-12-19
Humidity.max,2017-12-20
Humidity.max,2017-12-21
Humidity.max,2017-12-22
Humidity.max,2017-12-23
Humidity.max,2017-12-24
Humidity.max,2017-12-25
Humidity.max,2017-12-26
Humidity.max,2017-12-27
Humidity.max,2017-12-28
Humidity.max,2017-12-29
Humidity.max,2017-12-30
Humidity.max,2017-12-31
Humidity.max,2018-01-01
Humidity.max,2018-01-02
Humidity.max,2018-01-03
Humidity.max,2018-01-04
Humidity.max,2018-01-05
Humidity.max,2018-01-06
Humidity.max,2018-01-07
Humidity.max,2018-01-08
Humidity.max,2018-01-09
Humidity.max,2018-01-10
Humidity.max,2018-01-11
Humidity.max,2018-01-12
Humidity.max,2018-01-13
Humidity.max,2018-01-14
Humidity.max,2018-01-15
Humidity.max,2018-01-16
Humidity.max,2018-01-17
Humidity.max,2018-01-18
Humidity.max,2018-01-19
Humidity.max,2018-01-20
Humidity.max,2018-01-21
Humidity.max,2018-01-22
Humidity.max,2018-01-23
Humidity.max,2018-01-24
Humidity.max,2018-01-25
Humidity.max,2018-01-26
Humidity.max,2018-01-27
Humidity.max,2018-01-28
Humidity.max,2018-01-29
Humidity.max,2018-01-30
Humidity.max,2018-01-31
Humidity.max,2018-02-01
Humidity.max,2018-02-02
Humidity.max,2018-02-03
Humidity.max,2018-02-04
Humidity.max,2018-02-05
Humidity.max,2018-02-06
Humidity.max,2018-02-07
Humidity.max,2018-02-08
Humidity.max,2018-02-09
Humidity.max,2018-02-10
Humidity.max,2018-02-11
Humidity.max,2018-02-12
Humidity.max,2018-02-13
Humidity.max,2018-02-14
Humidity.max,2018-02-15
Humidity.max,2018-02-16
Humidity.max,2018-02-17
Humidity.max,2018-02-18
Humidity.max,2018-02-19
Humidity.max,2018-02-20
Humidity.max,2018-02-21
Humidity.max,2018-02-22
Humidity.max,2018-02-23
Humidity.max,2018-02-24
Humidity.max,2018-02-25
Humidity.max,2018-02-26
Humidity.max,2018-02-27
Humidity.max,2018-02-28
Humidity.max,2018-03-01
Humidity.max,2018-03-02
Humidity.max,2018-03-03
Humidity.max,2018-03-04
Humidity.max,2018-03-05
Humidity.max,2018-03-06
Humidity.max,2018-03-07
Humidity.max,2018-03-08
Humidity.max,2018-03-09
Humidity.max,2018-03-10
Humidity.max,2018-03-11
Humidity.max,2018-03-12
Humidity.max,2018-03-13
Humidity.max,2018-03-14
Humidity.max,2018-03-15
Humidity.max,2018-03-16
Humidity.max,2018-03-17
Humidity.max,2018-03-18
Humidity.max,2018-03-19
Humidity.max,2018-03-20
Humidity.max,2018-03-21
Humidity.max,2018-03-22
Humidity.max,2018-03-23
Humidity.max,2018-03-24
Humidity.max,2018-03-25
Humidity.max,2018-03-26
Humidity.max,2018-03-27
Humidity.max,2018-03-28
Humidity.max,2018-03-29
Humidity.max,2018-03-30
Humidity.max,2018-03-31
Humidity.max,2018-04-01
Humidity.max,2018-04-02
Humidity.max,2018-04-03
Humidity.max,2018-04-04
Humidity.max,2018-04-05
Humidity.max,2018-04-06
Humidity.max,2018-04-07
Humidity.max,2018-04-08
Humidity.max,2018-04-09
Humidity.max,2018-04-10
Humidity.max,2018-04-11
Humidity.max,2018-04-12
Humidity.max,2018-04-13
Humidity.max,2018-04-14
Humidity.max,2018-04-15
Humidity.max,2018-04-16
Humidity.max,2018-04-17
Humidity.max,2018-04-18
Humidity.max,2018-04-19
Humidity.max,2018-04-20
Humidity.max,2018-04-21
Humidity.max,2018-04-22
Humidity.max,2018-04-23
Humidity.max,2018-04-24
Humidity.max,2018-04-25
Humidity.max,2018-04-26
Humidity.max,2018-04-27
Humidity.max,2018-04-28
Humidity.max,2018-04-29
Humidity.max,2018-04-30
Humidity.max,2018-05-01
Humidity.max,2018-05-02
Humidity.max,2018-05-03
Humidity.max,2018-05-04
Humidity.max,2018-05-05
Humidity.max,2018-05-06
Humidity.max,2018-05-07
Humidity.max,2018-05-08
Humidity.max,2018-05-09
Humidity.max,2018-05-10
Humidity.max,2018-05-11
Humidity.max,2018-05-12
Humidity.max,2018-05-13
Humidity.max,2018-05-14
Humidity.max,2018-05-15
Humidity.max,2018-05-16
Humidity.max,2018-05-17
Humidity.max,2018-05-18
Humidity.max,2018-05-19
Humidity.max,2018-05-20
Humidity.max,2018-05-21
Humidity.max,2018-05-22
Humidity.max,2018-05-23
Humidity.max,2018-05-24
Humidity.max,2018-05-25
Humidity.max,2018-05-26
Humidity.max,2018-05-27
Humidity.max,2018-05-28
Humidity.max,2018-05-29
Humidity.max,2018-05-30
Humidity.max,2018-05-31
Humidity.max,2018-06-01
Humidity.max,2018-06-02
Humidity.max,2018-06-03
Humidity.max,2018-06-04
Humidity.max,2018-06-05
Humidity.max,2018-06-06
Humidity.max,2018-06-07
Humidity.max,2018-06-08
Humidity.max,2018-06-09
Humidity.max,2018-06-10
Humidity.max,2018-06-11
Humidity.max,2018-06-12
Humidity.max,2018-06-13
Humidity.max,2018-06-14
Humidity.max,2018-06-15
Humidity.max,2018-06-16
Humidity.max,2018-06-17
Humidity.max,2018-06-18
Humidity.max,2018-06-19
Humidity.max,2018-06-20
Humidity.max,2018-06-21
Humidity.max,2018-06-22
Humidity.max,2018-06-23
Humidity.max,2018-06-24
Humidity.max,2018-06-25
Humidity.max,2018-06-26
Humidity.max,2018-06-27
Humidity.max,2018-06-28
Humidity.max,2018-06-29
Humidity.max,2018-06-30
Humidity.max,2018-07-01
Humidity.max,2018-07-02
Humidity.max,2018-07-03
Humidity.max,2018-07-04
Humidity.max,2018-07-05
Humidity.max,2018-07-06
Humidity.max,2018-07-07
Humidity.max,2018-07-08
Humidity.max,2018-07-09
Humidity.max,2018-07-10
Humidity.max,2018-07-11
Humidity.max,2018-07-12
Humidity.max,2018-07-13
Humidity.max,2018-07-14
Humidity.max,2018-07-15
Humidity.max,2018-07-16
Humidity.max,2018-07-17
Humidity.max,2018-07-18
Humidity.max,2018-07-19
Humidity.max,2018-07-20
Humidity.max,2018-07-21
Humidity.max,2018-07-22
Humidity.max,2018-07-23
Humidity.max,2018-07-24
Humidity.max,2018-07-25
Humidity.max,2018-07-26
Humidity.max,2018-07-27
Humidity.max,2018-07-28
Humidity.max,2018-07-29
Humidity.max,2018-07-30
Humidity.max,2018-07-31
Humidity.max,2018-08-01
Humidity.max,2018-08-02
Humidity.max,2018-08-03
Humidity.max,2018-08-04
Humidity.max,2018-08-05
Humidity.max,2018-08-06
Humidity.max,2018-08-07
Humidity.max,2018-08-08
Humidity.max,2018-08-09
Humidity.max,2018-08-10
Humidity.max,2018-08-11
Humidity.max,2018-08-12
Humidity.max,2018-08-13
Humidity.max,2018-08-14
Humidity.max,2018-08-15
Humidity.max,2018-08-16
Humidity.max,2018-08-17
Humidity.max,2018-08-18
Humidity.max,2018-08-19
Humidity.max,2018-08-20
Humidity.max,2018-08-21
Humidity.max,2018-08-22
Humidity.max,2018-08-23
Humidity.max,2018-08-24
Humidity.max,2018-08-25
Humidity.max,2018-08-26
Humidity.max,2018-08-27
Humidity.max,2018-08-28
Humidity.max,2018-08-29
Humidity.max,2018-08-30
Humidity.max,2018-08-31
Humidity.max,2018-09-01
Humidity.max,2018-09-02
Humidity.max,2018-09-03
Humidity.max,2018-09-04
Humidity.max,2018-09-05
Humidity.max,2018-09-06
Humidity.max,2018-09-07
Humidity.max,2018-09-08
Humidity.max,2018-09-09
Humidity.max,2018-09-10
Humidity.max,2018-09-11
Humidity.max,2018-09-12
Humidity.max,2018-09-13
Humidity.max,2018-09-14
Humidity.max,2018-09-15
Humidity.max,2018-09-16
Humidity.max,2018-09-17
Humidity.max,2018-09-18
Humidity.max,2018-09-19
Humidity.max,2018-09-20
Humidity.max,2018-09-21
Humidity.max,2018-09-22
Humidity.max,2018-09-23
Humidity.max,2018-09-24
Humidity.max,2018-09-25
Humidity.max,2018-09-26
Humidity.max,2018-09-27
Humidity.max,2018-09-28
Humidity.max,2018-09-29
Humidity.max,2018-09-30
Humidity.max,2018-10-01
Humidity.max,2018-10-02
Humidity.max,2018-10-03
Humidity.max,2018-10-04
Humidity.max,2018-10-05
Humidity.max,2018-10-06
Humidity.max,2018-10-07
Humidity.max,2018-10-08
Humidity.max,2018-10-09
Humidity.max,2018-10-10
Humidity.max,2018-10-11
Humidity.max,2018-10-12
Humidity.max,2018-10-13
Humidity.max,2018-10-14
Humidity.max,2018-10-15
Humidity.max,2018-10-16
Humidity.max,2018-10-17
Humidity.max,2018-10-18
Humidity.max,2018-10-19
Humidity.max,2018-10-20
Humidity.max,2018-10-21
Humidity.max,2018-10-22
Humidity.max,2018-10-23
Humidity.max,2018-10-24
Humidity.max,2018-10-25
Humidity.max,2018-10-26
Humidity.max,2018-10-27
Humidity.max,2018-10-28
Humidity.max,2018-10-29
Humidity.max,2018-10-30
Humidity.max,2018-10-31
Humidity.max,2018-11-01
Humidity.max,2018-11-02
Humidity.max,2018-11-03
Humidity.max,2018-11-04
Humidity.max,2018-11-05
Humidity.max,2018-11-06
Humidity.max,2018-11-07
Humidity.max,2018-11-08
Humidity.max,2018-11-09
Humidity.max,2018-11-10
Humidity.max,2018-11-11
Humidity.max,2018-11-12
Humidity.max,2018-11-13
Humidity.max,2018-11-14
Humidity.max,2018-11-15
Humidity.max,2018-11-16
Humidity.max,2018-11-17
Humidity.max,2018-11-18
Humidity.max,2018-11-19
Humidity.max,2018-11-20
Humidity.max,2018-11-21
Humidity.max,2018-11-22
Humidity.max,2018-11-23
Humidity.max,2018-11-24
Humidity.max,2018-11-25
Humidity.max,2018-11-26
Humidity.max,2018-11-27
Humidity.max,2018-11-28
Humidity.max,2018-11-29
Humidity.max,2018-11-30
Humidity.max,2018-12-01
Humidity.max,2018-12-02
Humidity.max,2018-12-03
Humidity.max,2018-12-04
Humidity.max,2018-12-05
Humidity.max,2018-12-06
Humidity.max,2018-12-07
Humidity.max,2018-12-08
Humidity.max,2018-12-09
Humidity.max,2018-12-10
Humidity.max,2018-12-11
Humidity.max,2018-12-12
Humidity.max,2018-12-13
Humidity.max,2018-12-14
Humidity.max,2018-12-15
Humidity.max,2018-12-16
Humidity.max,2018-12-17
Humidity.max,2018-12-18
Humidity.max,2018-12-19
Humidity.max,2018-12-20
Humidity.max,2018-12-21
Humidity.max,2018-12-22
Humidity.max,2018-12-23
Humidity.max,2018-12-24
Humidity.max,2018-12-25
Humidity.max,2018-12-26
Humidity.max,2018-12-27
Humidity.max,2018-12-28
Humidity.max,2018-12-29
Humidity.max,2018-12-30
Humidity.max,2018-12-31
Humidity.mean,2017-01-01
Humidity.mean,2017-01-02
Humidity.mean,2017-01-03
Humidity.mean,2017-01-04
Humidity.mean,2017-01-05
Humidity.mean,2017-01-06
Humidity.mean,2017-01-07
Humidity.mean,2017-01-08
Humidity.mean,2017-01-09
Humidity.mean,2017-01-10
Humidity.mean,2017-01-11
Humidity.mean,2017-01-12
Humidity.mean,2017-01-13
Humidity.mean,2017-01-14
Humidity.mean,2017-01-15
Humidity.mean,2017-01-16
Humidity.mean,2017-01-17
Humidity.mean,2017-01-18
Humidity.mean,2017-01-19
Humidity.mean,2017-01-20
Humidity.mean,2017-01-21
Humidity.mean,2017-01-22
Humidity.mean,2017-01-23
Humidity.mean,2017-01-24
Humidity.mean,2017-01-25
Humidity.mean,2017-01-26
Humidity.mean,2017-01-27
Humidity.mean,2017-01-28
Humidity.mean,2017-01-29
Humidity.mean,2017-01-30
Humidity.mean,2017-01-31
Humidity.mean,2017-02-01
Humidity.mean,2017-02-02
Humidity.mean,2017-02-03
Humidity.mean,2017-02-04
Humidity.mean,2017-02-05
Humidity.mean,2017-02-06
Humidity.mean,2017-02-07
Humidity.mean,2017-02-08
Humidity.mean,2017-02-09
Humidity.mean,2017-02-10
Humidity.mean,2017-02-11
Humidity.mean,2017-02-12
Humidity.mean,2017-02-13
Humidity.mean,2017-02-14
Humidity.mean,2017-02-15
Humidity.mean,2017-02-16
Humidity.mean,2017-02-17
Humidity.mean,2017-02-18
Humidity.mean,2017-02-19
Humidity.mean,2017-02-20
Humidity.mean,2017-02-21
Humidity.mean,2017-02-22
Humidity.mean,2017-02-23
Humidity.mean,2017-02-24
Humidity.mean,2017-02-25
Humidity.mean,2017-02-26
Humidity.mean,2017-02-27
Humidity.mean,2017-02-28
Humidity.mean,2017-03-01
Humidity.mean,2017-03-02
Humidity.mean,2017-03-03
Humidity.mean,2017-03-04
Humidity.mean,2017-03-05
Humidity.mean,2017-03-06
Humidity.mean,2017-03-07
Humidity.mean,2017-03-08
Humidity.mean,2017-03-09
Humidity.mean,2017-03-10
Humidity.mean,2017-03-11
Humidity.mean,2017-03-12
Humidity.mean,2017-03-13
Humidity.mean,2017-03-14
Humidity.mean,2017-03-15
Humidity.mean,2017-03-16
Humidity.mean,2017-03-17
Humidity.mean,2017-03-18
Humidity.mean,2017-03-19
Humidity.mean,2017-03-20
Humidity.mean,2017-03-21
Humidity.mean,2017-03-22
Humidity.mean,2017-03-23
Humidity.mean,2017-03-24
Humidity.mean,2017-03-25
Humidity.mean,2017-03-26
Humidity.mean,2017-03-27
Humidity.mean,2017-03-28
Humidity.mean,2017-03-29
Humidity.mean,2017-03-30
Humidity.mean,2017-03-31
Humidity.mean,2017-04-01
Humidity.mean,2017-04-02
Humidity.mean,2017-04-03
Humidity.mean,2017-04-04
Humidity.mean,2017-04-05
Humidity.mean,2017-04-06
Humidity.mean,2017-04-07
Humidity.mean,2017-04-08
Humidity.mean,2017-04-09
Humidity.mean,2017-04-10
Humidity.mean,2017-04-11
Humidity.mean,2017-04-12
Humidity.mean,2017-04-13
Humidity.mean,2017-04-14
Humidity.mean,2017-04-15
Humidity.mean,2017-04-16
Humidity.mean,2017-04-17
Humidity.mean,2017-04-18
Humidity.mean,2017-04-19
Humidity.mean,2017-04-20
Humidity.mean,2017-04-21
Humidity.mean,2017-04-22
Humidity.mean,2017-04-23
Humidity.mean,2017-04-24
Humidity.mean,2017-04-25
Humidity.mean,2017-04-26
Humidity.mean,2017-04-27
Humidity.mean,2017-04-28
Humidity.mean,2017-04-29
Humidity.mean,2017-04-30
Humidity.mean,2017-05-01
Humidity.mean,2017-05-02
Humidity.mean,2017-05-03
Humidity.mean,2017-05-04
Humidity.mean,2017-05-05
Humidity.mean,2017-05-06
Humidity.mean,2017-05-07
Humidity.mean,2017-05-08
Humidity.mean,2017-05-09
Humidity.mean,2017-05-10
Humidity.mean,2017-05-11
Humidity.mean,2017-05-12
Humidity.mean,2017-05-13
Humidity.mean,2017-05-14
Humidity.mean,2017-05-15
Humidity.mean,2017-05-16
Humidity.mean,2017-05-17
Humidity.mean,2017-05-18
Humidity.mean,2017-05-19
Humidity.mean,2017-05-20
Humidity.mean,2017-05-21
Humidity.mean,2017-05-22
Humidity.mean,2017-05-23
Humidity.mean,2017-05-24
Humidity.mean,2017-05-25
Humidity.mean,2017-05-26
Humidity.mean,2017-05-27
Humidity.mean,2017-05-28
Humidity.mean,2017-05-29
Humidity.mean,2017-05-30
Humidity.mean,2017-05-31
Humidity.mean,2017-06-01
Humidity.mean,2017-06-02
Humidity.mean,2017-06-03
Humidity.mean,2017-06-04
Humidity.mean,2017-06-05
Humidity.mean,2017-06-06
Humidity.mean,2017-06-07
Humidity.mean,2017-06-08
Humidity.mean,2017-06-09
Humidity.mean,2017-06-10
Humidity.mean,2017-06-11
Humidity.mean,2017-06-12
Humidity.mean,2017-06-13
Humidity.mean,2017-06-14
Humidity.mean,2017-06-15
Humidity.mean,2017-06-16
Humidity.mean,2017-06-17
Humidity.mean,2017-06-18
Humidity.mean,2017-06-19
Humidity.mean,2017-06-20
Humidity.mean,2017-06-21
Humidity.mean,2017-06-22
Humidity.mean,2017-06-23
Humidity.mean,2017-06-24
Humidity.mean,2017-06-25
Humidity.mean,2017-06-26
Humidity.mean,2017-06-27
Humidity.mean,2017-06-28
Humidity.mean,2017-06-29
Humidity.mean,2017-06-30
Humidity.mean,2017-07-01
Humidity.mean,2017-07-02
Humidity.mean,2017-07-03
Humidity.mean,2017-07-04
Humidity.mean,2017-07-05
Humidity.mean,2017-07-06
Humidity.mean,2017-07-07
Humidity.mean,2017-07-08
Humidity.mean,2017-07-09
Humidity.mean,2017-07-10
Humidity.mean,2017-07-11
Humidity.mean,2017-07-12
Humidity.mean,2017-07-13
Humidity.mean,2017-07-14
Humidity.mean,2017-07-15
Humidity.mean,2017-07-16
Humidity.mean,2017-07-17
Humidity.mean,2017-07-18
Humidity.mean,2017-07-19
Humidity.mean,2017-07-20
Humidity.mean,2017-07-21
Humidity.mean,2017-07-22
Humidity.mean,2017-07-23
Humidity.mean,2017-07-24
Humidity.mean,2017-07-25
Humidity.mean,2017-07-26
Humidity.mean,2017-07-27
Humidity.mean,2017-07-28
Humidity.mean,2017-07-29
Humidity.mean,2017-07-30
Humidity.mean,2017-07-31
Humidity.mean,2017-08-01
Humidity.mean,2017-08-02
Humidity.mean,2017-08-03
Humidity.mean,2017-08-04
Humidity.mean,2017-08-05
Humidity.mean,2017-08-06
Humidity.mean,2017-08-07
Humidity.mean,2017-08-08
Humidity.mean,2017-08-09
Humidity.mean,2017-08-10
Humidity.mean,2017-08-11
Humidity.mean,2017-08-12
Humidity.mean,2017-08-13
Humidity.mean,2017-08-14
Humidity.mean,2017-08-15
Humidity.mean,2017-08-16
Humidity.mean,2017-08-17
Humidity.mean,2017-08-18
Humidity.mean,2017-08-19
Humidity.mean,2017-08-20
Humidity.mean,2017-08-21
Humidity.mean,2017-08-22
Humidity.mean,2017-08-23
Humidity.mean,2017-08-24
Humidity.mean,2017-08-25
Humidity.mean,2017-08-26
Humidity.mean,2017-08-27
Humidity.mean,2017-08-28
Humidity.mean,2017-08-29
Humidity.mean,2017-08-30
Humidity.mean,2017-08-31
Humidity.mean,2017-09-01
Humidity.mean,2017-09-02
Humidity.mean,2017-09-03
Humidity.mean,2017-09-04
Humidity.mean,2017-09-05
Humidity.mean,2017-09-06
Humidity.mean,2017-09-07
Humidity.mean,2017-09-08
Humidity.mean,2017-09-09
Humidity.mean,2017-09-10
Humidity.mean,2017-09-11
Humidity.mean,2017-09-12
Humidity.mean,2017-09-13
Humidity.mean,2017-09-14
Humidity.mean,2017-09-15
Humidity.mean,2017-09-16
Humidity.mean,2017-09-17
Humidity.mean,2017-09-18
Humidity.mean,2017-09-19
Humidity.mean,2017-09-20
Humidity.mean,2017-09-21
Humidity.mean,2017-09-22
Humidity.mean,2017-09-23
Humidity.mean,2017-09-24
Humidity.mean,2017-09-25
Humidity.mean,2017-09-26
Humidity.mean,2017-09-27
Humidity.mean,2017-09-28
Humidity.mean,2017-09-29
Humidity.mean,2017-09-30
Humidity.mean,2017-10-01
Humidity.mean,2017-10-02
Humidity.mean,2017-10-03
Humidity.mean,2017-10-04
Humidity.mean,2017-10-05
Humidity.mean,2017-10-06
Humidity.mean,2017-10-07
Humidity.mean,2017-10-08
Humidity.mean,2017-10-09
Humidity.mean,2017-10-10
Humidity.mean,2017-10-11
Humidity.mean,2017-10-12
Humidity.mean,2017-10-13
Humidity.mean,2017-10-14
Humidity.mean,2017-10-15
Humidity.mean,2017-10-16
Humidity.mean,2017-10-17
Humidity.mean,2017-10-18
Humidity.mean,2017-10-19
Humidity.mean,2017-10-20
Humidity.mean,2017-10-21
Humidity.mean,2017-10-22
Humidity.mean,2017-10-23
Humidity.mean,2017-10-24
Humidity.mean,2017-10-25
Humidity.mean,2017-10-26
Humidity.mean,2017-10-27
Humidity.mean,2017-10-28
Humidity.mean,2017-10-29
Humidity.mean,2017-10-30
Humidity.mean,2017-10-31
Humidity.mean,2017-11-01
Humidity.mean,2017-11-02
Humidity.mean,2017-11-03
Humidity.mean,2017-11-04
Humidity.mean,2017-11-05
Humidity.mean,2017-11-06
Humidity.mean,2017-11-07
Humidity.mean,2017-11-08
Humidity.mean,2017-11-09
Humidity.mean,2017-11-10
Humidity.mean,2017-11-11
Humidity.mean,2017-11-12
Humidity.mean,2017-11-13
Humidity.mean,2017-11-14
Humidity.mean,2017-11-15
Humidity.mean,2017-11-16
Humidity.mean,2017-11-17
Humidity.mean,2017-11-18
Humidity.mean,2017-11-19
Humidity.mean,2017-11-20
Humidity.mean,2017-11-21
Humidity.mean,2017-11-22
Humidity.mean,2017-11-23
Humidity.mean,2017-11-24
Humidity.mean,2017-11-25
Humidity.mean,2017-11-26
Humidity.mean,2017-11-27
Humidity.mean,2017-11-28
Humidity.mean,2017-11-29
Humidity.mean,2017-11-30
Humidity.mean,2017-12-01
Humidity.mean,2017-12-02
Humidity.mean,2017-12-03
Humidity.mean,2017-12-04
Humidity.mean,2017-12-05
Humidity.mean,2017-12-06
Humidity.mean,2017-12-07
Humidity.mean,2017-12-08
Humidity.mean,2017-12-09
Humidity.mean,2017-12-10
Humidity.mean,2017-12-11
Humidity.mean,2017-12-12
Humidity.mean,2017-12-13
Humidity.mean,2017-12-14
Humidity.mean,2017-12-15
Humidity.mean,2017-12-16
Humidity.mean,2017-12-17
Humidity.mean,2017-12-18
Humidity.mean,2017-12-19
Humidity.mean,2017-12-20
Humidity.mean,2017-12-21
Humidity.mean,2017-12-22
Humidity.mean,2017-12-23
Humidity.mean,2017-12-24
Humidity.mean,2017-12-25
Humidity.mean,2017-12-26
Humidity.mean,2017-12-27
Humidity.mean,2017-12-28
Humidity.mean,2017-12-29
Humidity.mean,2017-12-30
Humidity.mean,2017-12-31
Humidity.mean,2018-01-01
Humidity.mean,2018-01-02
Humidity.mean,2018-01-03
Humidity.mean,2018-01-04
Humidity.mean,2018-01-05
Humidity.mean,2018-01-06
Humidity.mean,2018-01-07
Humidity.mean,2018-01-08
Humidity.mean,2018-01-09
Humidity.mean,2018-01-10
Humidity.mean,2018-01-11
Humidity.mean,2018-01-12
Humidity.mean,2018-01-13
Humidity.mean,2018-01-14
Humidity.mean,2018-01-15
Humidity.mean,2018-01-16
Humidity.mean,2018-01-17
Humidity.mean,2018-01-18
Humidity.mean,2018-01-19
Humidity.mean,2018-01-20
Humidity.mean,2018-01-21
Humidity.mean,2018-01-22
Humidity.mean,2018-01-23
Humidity.mean,2018-01-24
Humidity.mean,2018-01-25
Humidity.mean,2018-01-26
Humidity.mean,2018-01-27
Humidity.mean,2018-01-28
Humidity.mean,2018-01-29
Humidity.mean,2018-01-30
Humidity.mean,2018-01-31
Humidity.mean,2018-02-01
Humidity.mean,2018-02-02
Humidity.mean,2018-02-03
Humidity.mean,2018-02-04
Humidity.mean,2018-02-05
Humidity.mean,2018-02-06
Humidity.mean,2018-02-07
Humidity.mean,2018-02-08
Humidity.mean,2018-02-09
Humidity.mean,2018-02-10
Humidity.mean,2018-02-11
Humidity.mean,2018-02-12
Humidity.mean,2018-02-13
Humidity.mean,2018-02-14
Humidity.mean,2018-02-15
Humidity.mean,2018-02-16
Humidity.mean,2018-02-17
Humidity.mean,2018-02-18
Humidity.mean,2018-02-19
Humidity.mean,2018-02-20
Humidity.mean,2018-02-21
Humidity.mean,2018-02-22
Humidity.mean,2018-02-23
Humidity.mean,2018-02-24
Humidity.mean,2018-02-25
Humidity.mean,2018-02-26
Humidity.mean,2018-02-27
Humidity.mean,2018-02-28
Humidity.mean,2018-03-01
Humidity.mean,2018-03-02
Humidity.mean,2018-03-03
Humidity.mean,2018-03-04
Humidity.mean,2018-03-05
Humidity.mean,2018-03-06
Humidity.mean,2018-03-07
Humidity.mean,2018-03-08
Humidity.mean,2018-03-09
Humidity.mean,2018-03-10
Humidity.mean,2018-03-11
Humidity.mean,2018-03-12
Humidity.mean,2018-03-13
Humidity.mean,2018-03-14
Humidity.mean,2018-03-15
Humidity.mean,2018-03-16
Humidity.mean,2018-03-17
Humidity.mean,2018-03-18
Humidity.mean,2018-03-19
Humidity.mean,2018-03-20
Humidity.mean,2018-03-21
Humidity.mean,2018-03-22
Humidity.mean,2018-03-23
Humidity.mean,2018-03-24
Humidity.mean,2018-03-25
Humidity.mean,2018-03-26
Humidity.mean,2018-03-27
Humidity.mean,2018-03-28
Humidity.mean,2018-03-29
Humidity.mean,2018-03-30
Humidity.mean,2018-03-31
Humidity.mean,2018-04-01
Humidity.mean,2018-04-02
Humidity.mean,2018-04-03
Humidity.mean,2018-04-04
Humidity.mean,2018-04-05
Humidity.mean,2018-04-06
Humidity.mean,2018-04-07
Humidity.mean,2018-04-08
Humidity.mean,2018-04-09
Humidity.mean,2018-04-10
Humidity.mean,2018-04-11
Humidity.mean,2018-04-12
Humidity.mean,2018-04-13
Humidity.mean,2018-04-14
Humidity.mean,2018-04-15
Humidity.mean,2018-04-16
Humidity.mean,2018-04-17
Humidity.mean,2018-04-18
Humidity.mean,2018-04-19
Humidity.mean,2018-04-20
Humidity.mean,2018-04-21
Humidity.mean,2018-04-22
Humidity.mean,2018-04-23
Humidity.mean,2018-04-24
Humidity.mean,2018-04-25
Humidity.mean,2018-04-26
Humidity.mean,2018-04-27
Humidity.mean,2018-04-28
Humidity.mean,2018-04-29
Humidity.mean,2018-04-30
Humidity.mean,2018-05-01
Humidity.mean,2018-05-02
Humidity.mean,2018-05-03
Humidity.mean,2018-05-04
Humidity.mean,2018-05-05
Humidity.mean,2018-05-06
Humidity.mean,2018-05-07
Humidity.mean,2018-05-08
Humidity.mean,2018-05-09
Humidity.mean,2018-05-10
Humidity.mean,2018-05-11
Humidity.mean,2018-05-12
Humidity.mean,2018-05-13
Humidity.mean,2018-05-14
Humidity.mean,2018-05-15
Humidity.mean,2018-05-16
Humidity.mean,2018-05-17
Humidity.mean,2018-05-18
Humidity.mean,2018-05-19
Humidity.mean,2018-05-20
Humidity.mean,2018-05-21
Humidity.mean,2018-05-22
Humidity.mean,2018-05-23
Humidity.mean,2018-05-24
Humidity.mean,2018-05-25
Humidity.mean,2018-05-26
Humidity.mean,2018-05-27
Humidity.mean,2018-05-28
Humidity.mean,2018-05-29
Humidity.mean,2018-05-30
Humidity.mean,2018-05-31
Humidity.mean,2018-06-01
Humidity.mean,2018-06-02
Humidity.mean,2018-06-03
Humidity.mean,2018-06-04
Humidity.mean,2018-06-05
Humidity.mean,2018-06-06
Humidity.mean,2018-06-07
Humidity.mean,2018-06-08
Humidity.mean,2018-06-09
Humidity.mean,2018-06-10
Humidity.mean,2018-06-11
Humidity.mean,2018-06-12
Humidity.mean,2018-06-13
Humidity.mean,2018-06-14
Humidity.mean,2018-06-15
Humidity.mean,2018-06-16
Humidity.mean,2018-06-17
Humidity.mean,2018-06-18
Humidity.mean,2018-06-19
Humidity.mean,2018-06-20
Humidity.mean,2018-06-21
Humidity.mean,2018-06-22
Humidity.mean,2018-06-23
Humidity.mean,2018-06-24
Humidity.mean,2018-06-25
Humidity.mean,2018-06-26
Humidity.mean,2018-06-27
Humidity.mean,2018-06-28
Humidity.mean,2018-06-29
Humidity.mean,2018-06-30
Humidity.mean,2018-07-01
Humidity.mean,2018-07-02
Humidity.mean,2018-07-03
Humidity.mean,2018-07-04
Humidity.mean,2018-07-05
Humidity.mean,2018-07-06
Humidity.mean,2018-07-07
Humidity.mean,2018-07-08
Humidity.mean,2018-07-09
Humidity.mean,2018-07-10
Humidity.mean,2018-07-11
Humidity.mean,2018-07-12
Humidity.mean,2018-07-13
Humidity.mean,2018-07-14
Humidity.mean,2018-07-15
Humidity.mean,2018-07-16
Humidity.mean,2018-07-17
Humidity.mean,2018-07-18
Humidity.mean,2018-07-19
Humidity.mean,2018-07-20
Humidity.mean,2018-07-21
Humidity.mean,2018-07-22
Humidity.mean,2018-07-23
Humidity.mean,2018-07-24
Humidity.mean,2018-07-25
Humidity.mean,2018-07-26
Humidity.mean,2018-07-27
Humidity.mean,2018-07-28
Humidity.mean,2018-07-29
Humidity.mean,2018-07-30
Humidity.mean,2018-07-31
Humidity.mean,2018-08-01
Humidity.mean,2018-08-02
Humidity.mean,2018-08-03
Humidity.mean,2018-08-04
Humidity.mean,2018-08-05
Humidity.mean,2018-08-06
Humidity.mean,2018-08-07
Humidity.mean,2018-08-08
Humidity.mean,2018-08-09
Humidity.mean,2018-08-10
Humidity.mean,2018-08-11
Humidity.mean,2018-08-12
Humidity.mean,2018-08-13
Humidity.mean,2018-08-14
Humidity.mean,2018-08-15
Humidity.mean,2018-08-16
Humidity.mean,2018-08-17
Humidity.mean,2018-08-18
Humidity.mean,2018-08-19
Humidity.mean,2018-08-20
Humidity.mean,2018-08-21
Humidity.mean,2018-08-22
Humidity.mean,2018-08-23
Humidity.mean,2018-08-24
Humidity.mean,2018-08-25
Humidity.mean,2018-08-26
Humidity.mean,2018-08-27
Humidity.mean,2018-08-28
Humidity.mean,2018-08-29
Humidity.mean,2018-08-30
Humidity.mean,2018-08-31
Humidity.mean,2018-09-01
Humidity.mean,2018-09-02
Humidity.mean,2018-09-03
Humidity.mean,2018-09-04
Humidity.mean,2018-09-05
Humidity.mean,2018-09-06
Humidity.mean,2018-09-07
Humidity.mean,2018-09-08
Humidity.mean,2018-09-09
Humidity.mean,2018-09-10
Humidity.mean,2018-09-11
Humidity.mean,2018-09-12
Humidity.mean,2018-09-13
Humidity.mean,2018-09-14
Humidity.mean,2018-09-15
Humidity.mean,2018-09-16
Humidity.mean,2018-09-17
Humidity.mean,2018-09-18
Humidity.mean,2018-09-19
Humidity.mean,2018-09-20
Humidity.mean,2018-09-21
Humidity.mean,2018-09-22
Humidity.mean,2018-09-23
Humidity.mean,2018-09-24
Humidity.mean,2018-09-25
Humidity.mean,2018-09-26
Humidity.mean,2018-09-27
Humidity.mean,2018-09-28
Humidity.mean,2018-09-29
Humidity.mean,2018-09-30
Humidity.mean,2018-10-01
Humidity.mean,2018-10-02
Humidity.mean,2018-10-03
Humidity.mean,2018-10-04
Humidity.mean,2018-10-05
Humidity.mean,2018-10-06
Humidity.mean,2018-10-07
Humidity.mean,2018-10-08
Humidity.mean,2018-10-09
Humidity.mean,2018-10-10
Humidity.mean,2018-10-11
Humidity.mean,2018-10-12
Humidity.mean,2018-10-13
Humidity.mean,2018-10-14
Humidity.mean,2018-10-15
Humidity.mean,2018-10-16
Humidity.mean,2018-10-17
Humidity.mean,2018-10-18
Humidity.mean,2018-10-19
Humidity.mean,2018-10-20
Humidity.mean,2018-10-21
Humidity.mean,2018-10-22
Humidity.mean,2018-10-23
Humidity.mean,2018-10-24
Humidity.mean,2018-10-25
Humidity.mean,2018-10-26
Humidity.mean,2018-10-27
Humidity.mean,2018-10-28
Humidity.mean,2018-10-29
Humidity.mean,2018-10-30
Humidity.mean,2018-10-31
Humidity.mean,2018-11-01
Humidity.mean,2018-11-02
Humidity.mean,2018-11-03
Humidity.mean,2018-11-04
Humidity.mean,2018-11-05
Humidity.mean,2018-11-06
Humidity.mean,2018-11-07
Humidity.mean,2018-11-08
Humidity.mean,2018-11-09
Humidity.mean,2018-11-10
Humidity.mean,2018-11-11
Humidity.mean,2018-11-12
Humidity.mean,2018-11-13
Humidity.mean,2018-11-14
Humidity.mean,2018-11-15
Humidity.mean,2018-11-16
Humidity.mean,2018-11-17
Humidity.mean,2018-11-18
Humidity.mean,2018-11-19
Humidity.mean,2018-11-20
Humidity.mean,2018-11-21
Humidity.mean,2018-11-22
Humidity.mean,2018-11-23
Humidity.mean,2018-11-24
Humidity.mean,2018-11-25
Humidity.mean,2018-11-26
Humidity.mean,2018-11-27
Humidity.mean,2018-11-28
Humidity.mean,2018-11-29
Humidity.mean,2018-11-30
Humidity.mean,2018-12-01
Humidity.mean,2018-12-02
Humidity.mean,2018-12-03
Humidity.mean,2018-12-04
Humidity.mean,2018-12-05
Humidity.mean,2018-12-06
Humidity.mean,2018-12-07
Humidity.mean,2018-12-08
Humidity.mean,2018-12-09
Humidity.mean,2018-12-10
Humidity.mean,2018-12-11
Humidity.mean,2018-12-12
Humidity.mean,2018-12-13
Humidity.mean,2018-12-14
Humidity.mean,2018-12-15
Humidity.mean,2018-12-16
Humidity.mean,2018-12-17
Humidity.mean,2018-12-18
Humidity.mean,2018-12-19
Humidity.mean,2018-12-20
Humidity.mean,2018-12-21
Humidity.mean,2018-12-22
Humidity.mean,2018-12-23
Humidity.mean,2018-12-24
Humidity.mean,2018-12-25
Humidity.mean,2018-12-26
Humidity.mean,2018-12-27
Humidity.mean,2018-12-28
Humidity.mean,2018-12-29
Humidity.mean,2018-12-30
Humidity.mean,2018-12-31
NO2_max,2017-01-01
NO2_max,2017-01-02
NO2_max,2017-01-03
NO2_max,2017-01-04
NO2_max,2017-01-05
NO2_max,2017-01-06
NO2_max,2017-01-07
NO2_max,2017-01-08
NO2_max,2017-01-09
NO2_max,2017-01-10
NO2_max,2017-01-11
NO2_max,2017-01-12
NO2_max,2017-01-13
NO2_max,2017-01-14
NO2_max,2017-01-15
NO2_max,2017-01-16
NO2_max,2017-01-17
NO2_max,2017-01-18
NO2_max,2017-01-19
NO2_max,2017-01-20
NO2_max,2017-01-21
NO2_max,2017-01-22
NO2_max,2017-01-23
NO2_max,2017-01-24
NO2_max,2017-01-25
NO2_max,2017-01-26
NO2_max,2017-01-27
NO2_max,2017-01-28
NO2_max,2017-01-29
NO2_max,2017-01-30
NO2_max,2017-01-31
NO2_max,2017-02-01
NO2_max,2017-02-02
NO2_max,2017-02-03
NO2_max,2017-02-04
NO2_max,2017-02-05
NO2_max,2017-02-06
NO2_max,2017-02-07
NO2_max,2017-02-08
NO2_max,2017-02-09
NO2_max,2017-02-10
NO2_max,2017-02-11
NO2_max,2017-02-12
NO2_max,2017-02-13
NO2_max,2017-02-14
NO2_max,2017-02-15
NO2_max,2017-02-16
NO2_max,2017-02-17
NO2_max,2017-02-18
NO2_max,2017-02-19
NO2_max,2017-02-20
NO2_max,2017-02-21
NO2_max,2017-02-22
NO2_max,2017-02-23
NO2_max,2017-02-24
NO2_max,2017-02-25
NO2_max,2017-02-26
NO2_max,2017-02-27
NO2_max,2017-02-28
NO2_max,2017-03-01
NO2_max,2017-03-02
NO2_max,2017-03-03
NO2_max,2017-03-04
NO2_max,2017-03-05
NO2_max,2017-03-06
NO2_max,2017-03-07
NO2_max,2017-03-08
NO2_max,2017-03-09
NO2_max,2017-03-10
NO2_max,2017-03-11
NO2_max,2017-03-12
NO2_max,2017-03-13
NO2_max,2017-03-14
NO2_max,2017-03-15
NO2_max,2017-03-16
NO2_max,2017-03-17
NO2_max,2017-03-18
NO2_max,2017-03-19
NO2_max,2017-03-20
NO2_max,2017-03-21
NO2_max,2017-03-22
NO2_max,2017-03-23
NO2_max,2017-03-24
NO2_max,2017-03-25
NO2_max,2017-03-26
NO2_max,2017-03-27
NO2_max,2017-03-28
NO2_max,2017-03-29
NO2_max,2017-03-30
NO2_max,2017-03-31
NO2_max,2017-04-01
NO2_max,2017-04-02
NO2_max,2017-04-03
NO2_max,2017-04-04
NO2_max,2017-04-05
NO2_max,2017-04-06
NO2_max,2017-04-07
NO2_max,2017-04-08
NO2_max,2017-04-09
NO2_max,2017-04-10
NO2_max,2017-04-11
NO2_max,2017-04-12
NO2_max,2017-04-13
NO2_max,2017-04-14
NO2_max,2017-04-15
NO2_max,2017-04-16
NO2_max,2017-04-17
NO2_max,2017-04-18
NO2_max,2017-04-19
NO2_max,2017-04-20
NO2_max,2017-04-21
NO2_max,2017-04-22
NO2_max,2017-04-23
NO2_max,2017-04-24
NO2_max,2017-04-25
NO2_max,2017-04-26
NO2_max,2017-04-27
NO2_max,2017-04-28
NO2_max,2017-04-29
NO2_max,2017-04-30
NO2_max,2017-05-01
NO2_max,2017-05-02
NO2_max,2017-05-03
NO2_max,2017-05-04
NO2_max,2017-05-05
NO2_max,2017-05-06
NO2_max,2017-05-07
NO2_max,2017-05-08
NO2_max,2017-05-09
NO2_max,2017-05-10
NO2_max,2017-05-11
NO2_max,2017-05-12
NO2_max,2017-05-13
NO2_max,2017-05-14
NO2_max,2017-05-15
NO2_max,2017-05-16
NO2_max,2017-05-17
NO2_max,2017-05-18
NO2_max,2017-05-19
NO2_max,2017-05-20
NO2_max,2017-05-21
NO2_max,2017-05-22
NO2_max,2017-05-23
NO2_max,2017-05-24
NO2_max,2017-05-25
NO2_max,2017-05-26
NO2_max,2017-05-27
NO2_max,2017-05-28
NO2_max,2017-05-29
NO2_max,2017-05-30
NO2_max,2017-05-31
NO2_max,2017-06-01
NO2_max,2017-06-02
NO2_max,2017-06-03
NO2_max,2017-06-04
NO2_max,2017-06-05
NO2_max,2017-06-06
NO2_max,2017-06-07
NO2_max,2017-06-08
NO2_max,2017-06-09
NO2_max,2017-06-10
NO2_max,2017-06-11
NO2_max,2017-06-12
NO2_max,2017-06-13
NO2_max,2017-06-14
NO2_max,2017-06-15
NO2_max,2017-06-16
NO2_max,2017-06-17
NO2_max,2017-06-18
NO2_max,2017-06-19
NO2_max,2017-06-20
NO2_max,2017-06-21
NO2_max,2017-06-22
NO2_max,2017-06-23
NO2_max,2017-06-24
NO2_max,2017-06-25
NO2_max,2017-06-26
NO2_max,2017-06-27
NO2_max,2017-06-28
NO2_max,2017-06-29
NO2_max,2017-06-30
NO2_max,2017-07-01
NO2_max,2017-07-02
NO2_max,2017-07-03
NO2_max,2017-07-04
NO2_max,2017-07-05
NO2_max,2017-07-06
NO2_max,2017-07-07
NO2_max,2017-07-08
NO2_max,2017-07-09
NO2_max,2017-07-10
NO2_max,2017-07-11
NO2_max,2017-07-12
NO2_max,2017-07-13
NO2_max,2017-07-14
NO2_max,2017-07-15
NO2_max,2017-07-16
NO2_max,2017-07-17
NO2_max,2017-07-18
NO2_max,2017-07-19
NO2_max,2017-07-20
NO2_max,2017-07-21
NO2_max,2017-07-22
NO2_max,2017-07-23
NO2_max,2017-07-24
NO2_max,2017-07-25
NO2_max,2017-07-26
NO2_max,2017-07-27
NO2_max,2017-07-28
NO2_max,2017-07-29
NO2_max,2017-07-30
NO2_max,2017-07-31
NO2_max,2017-08-01
NO2_max,2017-08-02
NO2_max,2017-08-03
NO2_max,2017-08-04
NO2_max,2017-08-05
NO2_max,2017-08-06
NO2_max,2017-08-07
NO2_max,2017-08-08
NO2_max,2017-08-09
NO2_max,2017-08-10
NO2_max,2017-08-11
NO2_max,2017-08-12
NO2_max,2017-08-13
NO2_max,2017-08-14
NO2_max,2017-08-15
NO2_max,2017-08-16
NO2_max,2017-08-17
NO2_max,2017-08-18
NO2_max,2017-08-19
NO2_max,2017-08-20
NO2_max,2017-08-21
NO2_max,2017-08-22
NO2_max,2017-08-23
NO2_max,2017-08-24
NO2_max,2017-08-25
NO2_max,2017-08-26
NO2_max,2017-08-27
NO2_max,2017-08-28
NO2_max,2017-08-29
NO2_max,2017-08-30
NO2_max,2017-08-31
NO2_max,2017-09-01
NO2_max,2017-09-02
NO2_max,2017-09-03
NO2_max,2017-09-04
NO2_max,2017-09-05
NO2_max,2017-09-06
NO2_max,2017-09-07
NO2_max,2017-09-08
NO2_max,2017-09-09
NO2_max,2017-09-10
NO2_max,2017-09-11
NO2_max,2017-09-12
NO2_max,2017-09-13
NO2_max,2017-09-14
NO2_max,2017-09-15
NO2_max,2017-09-16
NO2_max,2017-09-17
NO2_max,2017-09-18
NO2_max,2017-09-19
NO2_max,2017-09-20
NO2_max,2017-09-21
NO2_max,2017-09-22
NO2_max,2017-09-23
NO2_max,2017-09-24
NO2_max,2017-09-25
NO2_max,2017-09-26
NO2_max,2017-09-27
NO2_max,2017-09-28
NO2_max,2017-09-29
NO2_max,2017-09-30
NO2_max,2017-10-01
NO2_max,2017-10-02
NO2_max,2017-10-03
NO2_max,2017-10-04
NO2_max,2017-10-05
NO2_max,2017-10-06
NO2_max,2017-10-07
NO2_max,2017-10-08
NO2_max,2017-10-09
NO2_max,2017-10-10
NO2_max,2017-10-11
NO2_max,2017-10-12
NO2_max,2017-10-13
NO2_max,2017-10-14
NO2_max,2017-10-15
NO2_max,2017-10-16
NO2_max,2017-10-17
NO2_max,2017-10-18
NO2_max,2017-10-19
NO2_max,2017-10-20
NO2_max,2017-10-21
NO2_max,2017-10-22
NO2_max,2017-10-23
NO2_max,2017-10-24
NO2_max,2017-10-25
NO2_max,2017-10-26
NO2_max,2017-10-27
NO2_max,2017-10-28
NO2_max,2017-10-29
NO2_max,2017-10-30
NO2_max,2017-10-31
NO2_max,2017-11-01
NO2_max,2017-11-02
NO2_max,2017-11-03
NO2_max,2017-11-04
NO2_max,2017-11-05
NO2_max,2017-11-06
NO2_max,2017-11-07
NO2_max,2017-11-08
NO2_max,2017-11-09
NO2_max,2017-11-10
NO2_max,2017-11-11
NO2_max,2017-11-12
NO2_max,2017-11-13
NO2_max,2017-11-14
NO2_max,2017-11-15
NO2_max,2017-11-16
NO2_max,2017-11-17
NO2_max,2017-11-18
NO2_max,2017-11-19
NO2_max,2017-11-20
NO2_max,2017-11-21
NO2_max,2017-11-22
NO2_max,2017-11-23
NO2_max,2017-11-24
NO2_max,2017-11-25
NO2_max,2017-11-26
NO2_max,2017-11-27
NO2_max,2017-11-28
NO2_max,2017-11-29
NO2_max,2017-11-30
NO2_max,2017-12-01
NO2_max,2017-12-02
NO2_max,2017-12-03
NO2_max,2017-12-04
NO2_max,2017-12-05
NO2_max,2017-12-06
NO2_max,2017-12-07
NO2_max,2017-12-08
NO2_max,2017-12-09
NO2_max,2017-12-10
NO2_max,2017-12-11
NO2_max,2017-12-12
NO2_max,2017-12-13
NO2_max,2017-12-14
NO2_max,2017-12-15
NO2_max,2017-12-16
NO2_max,2017-12-17
NO2_max,2017-12-18
NO2_max,2017-12-19
NO2_max,2017-12-20
NO2_max,2017-12-21
NO2_max,2017-12-22
NO2_max,2017-12-23
NO2_max,2017-12-24
NO2_max,2017-12-25
NO2_max,2017-12-26
NO2_max,2017-12-27
NO2_max,2017-12-28
NO2_max,2017-12-29
NO2_max,2017-12-30
NO2_max,2017-12-31
NO2_max,2018-01-01
NO2_max,2018-01-02
NO2_max,2018-01-03
NO2_max,2018-01-04
NO2_max,2018-01-05
NO2_max,2018-01-06
NO2_max,2018-01-07
NO2_max,2018-01-08
NO2_max,2018-01-09
NO2_max,2018-01-10
NO2_max,2018-01-11
NO2_max,2018-01-12
NO2_max,2018-01-13
NO2_max,2018-01-14
NO2_max,2018-01-15
NO2_max,2018-01-16
NO2_max,2018-01-17
NO2_max,2018-01-18
NO2_max,2018-01-19
NO2_max,2018-01-20
NO2_max,2018-01-21
NO2_max,2018-01-22
NO2_max,2018-01-23
NO2_max,2018-01-24
NO2_max,2018-01-25
NO2_max,2018-01-26
NO2_max,2018-01-27
NO2_max,2018-01-28
NO2_max,2018-01-29
NO2_max,2018-01-30
NO2_max,2018-01-31
NO2_max,2018-02-01
NO2_max,2018-02-02
NO2_max,2018-02-03
NO2_max,2018-02-04
NO2_max,2018-02-05
NO2_max,2018-02-06
NO2_max,2018-02-07
NO2_max,2018-02-08
NO2_max,2018-02-09
NO2_max,2018-02-10
NO2_max,2018-02-11
NO2_max,2018-02-12
NO2_max,2018-02-13
NO2_max,2018-02-14
NO2_max,2018-02-15
NO2_max,2018-02-16
NO2_max,2018-02-17
NO2_max,2018-02-18
NO2_max,2018-02-19
NO2_max,2018-02-20
NO2_max,2018-02-21
NO2_max,2018-02-22
NO2_max,2018-02-23
NO2_max,2018-02-24
NO2_max,2018-02-25
NO2_max,2018-02-26
NO2_max,2018-02-27
NO2_max,2018-02-28
NO2_max,2018-03-01
NO2_max,2018-03-02
NO2_max,2018-03-03
NO2_max,2018-03-04
NO2_max,2018-03-05
NO2_max,2018-03-06
NO2_max,2018-03-07
NO2_max,2018-03-08
NO2_max,2018-03-09
NO2_max,2018-03-10
NO2_max,2018-03-11
NO2_max,2018-03-12
NO2_max,2018-03-13
NO2_max,2018-03-14
NO2_max,2018-03-15
NO2_max,2018-03-16
NO2_max,2018-03-17
NO2_max,2018-03-18
NO2_max,2018-03-19
NO2_max,2018-03-20
NO2_max,2018-03-21
NO2_max,2018-03-22
NO2_max,2018-03-23
NO2_max,2018-03-24
NO2_max,2018-03-25
NO2_max,2018-03-26
NO2_max,2018-03-27
NO2_max,2018-03-28
NO2_max,2018-03-29
NO2_max,2018-03-30
NO2_max,2018-03-31
NO2_max,2018-04-01
NO2_max,2018-04-02
NO2_max,2018-04-03
NO2_max,2018-04-04
NO2_max,2018-04-05
NO2_max,2018-04-06
NO2_max,2018-04-07
NO2_max,2018-04-08
NO2_max,2018-04-09
NO2_max,2018-04-10
NO2_max,2018-04-11
NO2_max,2018-04-12
NO2_max,2018-04-13
NO2_max,2018-04-14
NO2_max,2018-04-15
NO2_max,2018-04-16
NO2_max,2018-04-17
NO2_max,2018-04-18
NO2_max,2018-04-19
NO2_max,2018-04-20
NO2_max,2018-04-21
NO2_max,2018-04-22
NO2_max,2018-04-23
NO2_max,2018-04-24
NO2_max,2018-04-25
NO2_max,2018-04-26
NO2_max,2018-04-27
NO2_max,2018-04-28
NO2_max,2018-04-29
NO2_max,2018-04-30
NO2_max,2018-05-01
NO2_max,2018-05-02
NO2_max,2018-05-03
NO2_max,2018-05-04
NO2_max,2018-05-05
NO2_max,2018-05-06
NO2_max,2018-05-07
NO2_max,2018-05-08
NO2_max,2018-05-09
NO2_max,2018-05-10
NO2_max,2018-05-11
NO2_max,2018-05-12
NO2_max,2018-05-13
NO2_max,2018-05-14
NO2_max,2018-05-15
NO2_max,2018-05-16
NO2_max,2018-05-17
NO2_max,2018-05-18
NO2_max,2018-05-19
NO2_max,2018-05-20
NO2_max,2018-05-21
NO2_max,2018-05-22
NO2_max,2018-05-23
NO2_max,2018-05-24
NO2_max,2018-05-25
NO2_max,2018-05-26
NO2_max,2018-05-27
NO2_max,2018-05-28
NO2_max,2018-05-29
NO2_max,2018-05-30
NO2_max,2018-05-31
NO2_max,2018-06-01
NO2_max,2018-06-02
NO2_max,2018-06-03
NO2_max,2018-06-04
NO2_max,2018-06-05
NO2_max,2018-06-06
NO2_max,2018-06-07
NO2_max,2018-06-08
NO2_max,2018-06-09
NO2_max,2018-06-10
NO2_max,2018-06-11
NO2_max,2018-06-12
NO2_max,2018-06-13
NO2_max,2018-06-14
NO2_max,2018-06-15
NO2_max,2018-06-16
NO2_max,2018-06-17
NO2_max,2018-06-18
NO2_max,2018-06-19
NO2_max,2018-06-20
NO2_max,2018-06-21
NO2_max,2018-06-22
NO2_max,2018-06-23
NO2_max,2018-06-24
NO2_max,2018-06-25
NO2_max,2018-06-26
NO2_max,2018-06-27
NO2_max,2018-06-28
NO2_max,2018-06-29
NO2_max,2018-06-30
NO2_max,2018-07-01
NO2_max,2018-07-02
NO2_max,2018-07-03
NO2_max,2018-07-04
NO2_max,2018-07-05
NO2_max,2018-07-06
NO2_max,2018-07-07
NO2_max,2018-07-08
NO2_max,2018-07-09
NO2_max,2018-07-10
NO2_max,2018-07-11
NO2_max,2018-07-12
NO2_max,2018-07-13
NO2_max,2018-07-14
NO2_max,2018-07-15
NO2_max,2018-07-16
NO2_max,2018-07-17
NO2_max,2018-07-18
NO2_max,2018-07-19
NO2_max,2018-07-20
NO2_max,2018-07-21
NO2_max,2018-07-22
NO2_max,2018-07-23
NO2_max,2018-07-24
NO2_max,2018-07-25
NO2_max,2018-07-26
NO2_max,2018-07-27
NO2_max,2018-07-28
NO2_max,2018-07-29
NO2_max,2018-07-30
NO2_max,2018-07-31
NO2_max,2018-08-01
NO2_max,2018-08-02
NO2_max,2018-08-03
NO2_max,2018-08-04
NO2_max,2018-08-05
NO2_max,2018-08-06
NO2_max,2018-08-07
NO2_max,2018-08-08
NO2_max,2018-08-09
NO2_max,2018-08-10
NO2_max,2018-08-11
NO2_max,2018-08-12
NO2_max,2018-08-13
NO2_max,2018-08-14
NO2_max,2018-08-15
NO2_max,2018-08-16
NO2_max,2018-08-17
NO2_max,2018-08-18
NO2_max,2018-08-19
NO2_max,2018-08-20
NO2_max,2018-08-21
NO2_max,2018-08-22
NO2_max,2018-08-23
NO2_max,2018-08-24
NO2_max,2018-08-25
NO2_max,2018-08-26
NO2_max,2018-08-27
NO2_max,2018-08-28
NO2_max,2018-08-29
NO2_max,2018-08-30
NO2_max,2018-08-31
NO2_max,2018-09-01
NO2_max,2018-09-02
NO2_max,2018-09-03
NO2_max,2018-09-04
NO2_max,2018-09-05
NO2_max,2018-09-06
NO2_max,2018-09-07
NO2_max,2018-09-08
NO2_max,2018-09-09
NO2_max,2018-09-10
NO2_max,2018-09-11
NO2_max,2018-09-12
NO2_max,2018-09-13
NO2_max,2018-09-14
NO2_max,2018-09-15
NO2_max,2018-09-16
NO2_max,2018-09-17
NO2_max,2018-09-18
NO2_max,2018-09-19
NO2_max,2018-09-20
NO2_max,2018-09-21
NO2_max,2018-09-22
NO2_max,2018-09-23
NO2_max,2018-09-24
NO2_max,2018-09-25
NO2_max,2018-09-26
NO2_max,2018-09-27
NO2_max,2018-09-28
NO2_max,2018-09-29
NO2_max,2018-09-30
NO2_max,2018-10-01
NO2_max,2018-10-02
NO2_max,2018-10-03
NO2_max,2018-10-04
NO2_max,2018-10-05
NO2_max,2018-10-06
NO2_max,2018-10-07
NO2_max,2018-10-08
NO2_max,2018-10-09
NO2_max,2018-10-10
NO2_max,2018-10-11
NO2_max,2018-10-12
NO2_max,2018-10-13
NO2_max,2018-10-14
NO2_max,2018-10-15
NO2_max,2018-10-16
NO2_max,2018-10-17
NO2_max,2018-10-18
NO2_max,2018-10-19
NO2_max,2018-10-20
NO2_max,2018-10-21
NO2_max,2018-10-22
NO2_max,2018-10-23
NO2_max,2018-10-24
NO2_max,2018-10-25
NO2_max,2018-10-26
NO2_max,2018-10-27
NO2_max,2018-10-28
NO2_max,2018-10-29
NO2_max,2018-10-30
NO2_max,2018-10-31
NO2_max,2018-11-01
NO2_max,2018-11-02
NO2_max,2018-11-03
NO2_max,2018-11-04
NO2_max,2018-11-05
NO2_max,2018-11-06
NO2_max,2018-11-07
NO2_max,2018-11-08
NO2_max,2018-11-09
NO2_max,2018-11-10
NO2_max,2018-11-11
NO2_max,2018-11-12
NO2_max,2018-11-13
NO2_max,2018-11-14
NO2_max,2018-11-15
NO2_max,2018-11-16
NO2_max,2018-11-17
NO2_max,2018-11-18
NO2_max,2018-11-19
NO2_max,2018-11-20
NO2_max,2018-11-21
NO2_max,2018-11-22
NO2_max,2018-11-23
NO2_max,2018-11-24
NO2_max,2018-11-25
NO2_max,2018-11-26
NO2_max,2018-11-27
NO2_max,2018-11-28
NO2_max,2018-11-29
NO2_max,2018-11-30
NO2_max,2018-12-01
NO2_max,2018-12-02
NO2_max,2018-12-03
NO2_max,2018-12-04
NO2_max,2018-12-05
NO2_max,2018-12-06
NO2_max,2018-12-07
NO2_max,2018-12-08
NO2_max,2018-12-09
NO2_max,2018-12-10
NO2_max,2018-12-11
NO2_max,2018-12-12
NO2_max,2018-12-13
NO2_max,2018-12-14
NO2_max,2018-12-15
NO2_max,2018-12-16
NO2_max,2018-12-17
NO2_max,2018-12-18
NO2_max,2018-12-19
NO2_max,2018-12-20
NO2_max,2018-12-21
NO2_max,2018-12-22
NO2_max,2018-12-23
NO2_max,2018-12-24
NO2_max,2018-12-25
NO2_max,2018-12-26
NO2_max,2018-12-27
NO2_max,2018-12-28
NO2_max,2018-12-29
NO2_max,2018-12-30
NO2_max,2018-12-31
NO2_mean,2017-01-01
NO2_mean,2017-01-02
NO2_mean,2017-01-03
NO2_mean,2017-01-04
NO2_mean,2017-01-05
NO2_mean,2017-01-06
NO2_mean,2017-01-07
NO2_mean,2017-01-08
NO2_mean,2017-01-09
NO2_mean,2017-01-10
NO2_mean,2017-01-11
NO2_mean,2017-01-12
NO2_mean,2017-01-13
NO2_mean,2017-01-14
NO2_mean,2017-01-15
NO2_mean,2017-01-16
NO2_mean,2017-01-17
NO2_mean,2017-01-18
NO2_mean,2017-01-19
NO2_mean,2017-01-20
NO2_mean,2017-01-21
NO2_mean,2017-01-22
NO2_mean,2017-01-23
NO2_mean,2017-01-24
NO2_mean,2017-01-25
NO2_mean,2017-01-26
NO2_mean,2017-01-27
NO2_mean,2017-01-28
NO2_mean,2017-01-29
NO2_mean,2017-01-30
NO2_mean,2017-01-31
NO2_mean,2017-02-01
NO2_mean,2017-02-02
NO2_mean,2017-02-03
NO2_mean,2017-02-04
NO2_mean,2017-02-05
NO2_mean,2017-02-06
NO2_mean,2017-02-07
NO2_mean,2017-02-08
NO2_mean,2017-02-09
NO2_mean,2017-02-10
NO2_mean,2017-02-11
NO2_mean,2017-02-12
NO2_mean,2017-02-13
NO2_mean,2017-02-14
NO2_mean,2017-02-15
NO2_mean,2017-02-16
NO2_mean,2017-02-17
NO2_mean,2017-02-18
NO2_mean,2017-02-19
NO2_mean,2017-02-20
NO2_mean,2017-02-21
NO2_mean,2017-02-22
NO2_mean,2017-02-23
NO2_mean,2017-02-24
NO2_mean,2017-02-25
NO2_mean,2017-02-26
NO2_mean,2017-02-27
NO2_mean,2017-02-28
NO2_mean,2017-03-01
NO2_mean,2017-03-02
NO2_mean,2017-03-03
NO2_mean,2017-03-04
NO2_mean,2017-03-05
NO2_mean,2017-03-06
NO2_mean,2017-03-07
NO2_mean,2017-03-08
NO2_mean,2017-03-09
NO2_mean,2017-03-10
NO2_mean,2017-03-11
NO2_mean,2017-03-12
NO2_mean,2017-03-13
NO2_mean,2017-03-14
NO2_mean,2017-03-15
NO2_mean,2017-03-16
NO2_mean,2017-03-17
NO2_mean,2017-03-18
NO2_mean,2017-03-19
NO2_mean,2017-03-20
NO2_mean,2017-03-21
NO2_mean,2017-03-22
NO2_mean,2017-03-23
NO2_mean,2017-03-24
NO2_mean,2017-03-25
NO2_mean,2017-03-26
NO2_mean,2017-03-27
NO2_mean,2017-03-28
NO2_mean,2017-03-29
NO2_mean,2017-03-30
NO2_mean,2017-03-31
NO2_mean,2017-04-01
NO2_mean,2017-04-02
NO2_mean,2017-04-03
NO2_mean,2017-04-04
NO2_mean,2017-04-05
NO2_mean,2017-04-06
NO2_mean,2017-04-07
NO2_mean,2017-04-08
NO2_mean,2017-04-09
NO2_mean,2017-04-10
NO2_mean,2017-04-11
NO2_mean,2017-04-12
NO2_mean,2017-04-13
NO2_mean,2017-04-14
NO2_mean,2017-04-15
NO2_mean,2017-04-16
NO2_mean,2017-04-17
NO2_mean,2017-04-18
NO2_mean,2017-04-19
NO2_mean,2017-04-20
NO2_mean,2017-04-21
NO2_mean,2017-04-22
NO2_mean,2017-04-23
NO2_mean,2017-04-24
NO2_mean,2017-04-25
NO2_mean,2017-04-26
NO2_mean,2017-04-27
NO2_mean,2017-04-28
NO2_mean,2017-04-29
NO2_mean,2017-04-30
NO2_mean,2017-05-01
NO2_mean,2017-05-02
NO2_mean,2017-05-03
NO2_mean,2017-05-04
NO2_mean,2017-05-05
NO2_mean,2017-05-06
NO2_mean,2017-05-07
NO2_mean,2017-05-08
NO2_mean,2017-05-09
NO2_mean,2017-05-10
NO2_mean,2017-05-11
NO2_mean,2017-05-12
NO2_mean,2017-05-13
NO2_mean,2017-05-14
NO2_mean,2017-05-15
NO2_mean,2017-05-16
NO2_mean,2017-05-17
NO2_mean,2017-05-18
NO2_mean,2017-05-19
NO2_mean,2017-05-20
NO2_mean,2017-05-21
NO2_mean,2017-05-22
NO2_mean,2017-05-23
NO2_mean,2017-05-24
NO2_mean,2017-05-25
NO2_mean,2017-05-26
NO2_mean,2017-05-27
NO2_mean,2017-05-28
NO2_mean,2017-05-29
NO2_mean,2017-05-30
NO2_mean,2017-05-31
NO2_mean,2017-06-01
NO2_mean,2017-06-02
NO2_mean,2017-06-03
NO2_mean,2017-06-04
NO2_mean,2017-06-05
NO2_mean,2017-06-06
NO2_mean,2017-06-07
NO2_mean,2017-06-08
NO2_mean,2017-06-09
NO2_mean,2017-06-10
NO2_mean,2017-06-11
NO2_mean,2017-06-12
NO2_mean,2017-06-13
NO2_mean,2017-06-14
NO2_mean,2017-06-15
NO2_mean,2017-06-16
NO2_mean,2017-06-17
NO2_mean,2017-06-18
NO2_mean,2017-06-19
NO2_mean,2017-06-20
NO2_mean,2017-06-21
NO2_mean,2017-06-22
NO2_mean,2017-06-23
NO2_mean,2017-06-24
NO2_mean,2017-06-25
NO2_mean,2017-06-26
NO2_mean,2017-06-27
NO2_mean,2017-06-28
NO2_mean,2017-06-29
NO2_mean,2017-06-30
NO2_mean,2017-07-01
NO2_mean,2017-07-02
NO2_mean,2017-07-03
NO2_mean,2017-07-04
NO2_mean,2017-07-05
NO2_mean,2017-07-06
NO2_mean,2017-07-07
NO2_mean,2017-07-08
NO2_mean,2017-07-09
NO2_mean,2017-07-10
NO2_mean,2017-07-11
NO2_mean,2017-07-12
NO2_mean,2017-07-13
NO2_mean,2017-07-14
NO2_mean,2017-07-15
NO2_mean,2017-07-16
NO2_mean,2017-07-17
NO2_mean,2017-07-18
NO2_mean,2017-07-19
NO2_mean,2017-07-20
NO2_mean,2017-07-21
NO2_mean,2017-07-22
NO2_mean,2017-07-23
NO2_mean,2017-07-24
NO2_mean,2017-07-25
NO2_mean,2017-07-26
NO2_mean,2017-07-27
NO2_mean,2017-07-28
NO2_mean,2017-07-29
NO2_mean,2017-07-30
NO2_mean,2017-07-31
NO2_mean,2017-08-01
NO2_mean,2017-08-02
NO2_mean,2017-08-03
NO2_mean,2017-08-04
NO2_mean,2017-08-05
NO2_mean,2017-08-06
NO2_mean,2017-08-07
NO2_mean,2017-08-08
NO2_mean,2017-08-09
NO2_mean,2017-08-10
NO2_mean,2017-08-11
NO2_mean,2017-08-12
NO2_mean,2017-08-13
NO2_mean,2017-08-14
NO2_mean,2017-08-15
NO2_mean,2017-08-16
NO2_mean,2017-08-17
NO2_mean,2017-08-18
NO2_mean,2017-08-19
NO2_mean,2017-08-20
NO2_mean,2017-08-21
NO2_mean,2017-08-22
NO2_mean,2017-08-23
NO2_mean,2017-08-24
NO2_mean,2017-08-25
NO2_mean,2017-08-26
NO2_mean,2017-08-27
NO2_mean,2017-08-28
NO2_mean,2017-08-29
NO2_mean,2017-08-30
NO2_mean,2017-08-31
NO2_mean,2017-09-01
NO2_mean,2017-09-02
NO2_mean,2017-09-03
NO2_mean,2017-09-04
NO2_mean,2017-09-05
NO2_mean,2017-09-06
NO2_mean,2017-09-07
NO2_mean,2017-09-08
NO2_mean,2017-09-09
NO2_mean,2017-09-10
NO2_mean,2017-09-11
NO2_mean,2017-09-12
NO2_mean,2017-09-13
NO2_mean,2017-09-14
NO2_mean,2017-09-15
NO2_mean,2017-09-16
NO2_mean,2017-09-17
NO2_mean,2017-09-18
NO2_mean,2017-09-19
NO2_mean,2017-09-20
NO2_mean,2017-09-21
NO2_mean,2017-09-22
NO2_mean,2017-09-23
NO2_mean,2017-09-24
NO2_mean,2017-09-25
NO2_mean,2017-09-26
NO2_mean,2017-09-27
NO2_mean,2017-09-28
NO2_mean,2017-09-29
NO2_mean,2017-09-30
NO2_mean,2017-10-01
NO2_mean,2017-10-02
NO2_mean,2017-10-03
NO2_mean,2017-10-04
NO2_mean,2017-10-05
NO2_mean,2017-10-06
NO2_mean,2017-10-07
NO2_mean,2017-10-08
NO2_mean,2017-10-09
NO2_mean,2017-10-10
NO2_mean,2017-10-11
NO2_mean,2017-10-12
NO2_mean,2017-10-13
NO2_mean,2017-10-14
NO2_mean,2017-10-15
NO2_mean,2017-10-16
NO2_mean,2017-10-17
NO2_mean,2017-10-18
NO2_mean,2017-10-19
NO2_mean,2017-10-20
NO2_mean,2017-10-21
NO2_mean,2017-10-22
NO2_mean,2017-10-23
NO2_mean,2017-10-24
NO2_mean,2017-10-25
NO2_mean,2017-10-26
NO2_mean,2017-10-27
NO2_mean,2017-10-28
NO2_mean,2017-10-29
NO2_mean,2017-10-30
NO2_mean,2017-10-31
NO2_mean,2017-11-01
NO2_mean,2017-11-02
NO2_mean,2017-11-03
NO2_mean,2017-11-04
NO2_mean,2017-11-05
NO2_mean,2017-11-06
NO2_mean,2017-11-07
NO2_mean,2017-11-08
NO2_mean,2017-11-09
NO2_mean,2017-11-10
NO2_mean,2017-11-11
NO2_mean,2017-11-12
NO2_mean,2017-11-13
NO2_mean,2017-11-14
NO2_mean,2017-11-15
NO2_mean,2017-11-16
NO2_mean,2017-11-17
NO2_mean,2017-11-18
NO2_mean,2017-11-19
NO2_mean,2017-11-20
NO2_mean,2017-11-21
NO2_mean,2017-11-22
NO2_mean,2017-11-23
NO2_mean,2017-11-24
NO2_mean,2017-11-25
NO2_mean,2017-11-26
NO2_mean,2017-11-27
NO2_mean,2017-11-28
NO2_mean,2017-11-29
NO2_mean,2017-11-30
NO2_mean,2017-12-01
NO2_mean,2017-12-02
NO2_mean,2017-12-03
NO2_mean,2017-12-04
NO2_mean,2017-12-05
NO2_mean,2017-12-06
NO2_mean,2017-12-07
NO2_mean,2017-12-08
NO2_mean,2017-12-09
NO2_mean,2017-12-10
NO2_mean,2017-12-11
NO2_mean,2017-12-12
NO2_mean,2017-12-13
NO2_mean,2017-12-14
NO2_mean,2017-12-15
NO2_mean,2017-12-16
NO2_mean,2017-12-17
NO2_mean,2017-12-18
NO2_mean,2017-12-19
NO2_mean,2017-12-20
NO2_mean,2017-12-21
NO2_mean,2017-12-22
NO2_mean,2017-12-23
NO2_mean,2017-12-24
NO2_mean,2017-12-25
NO2_mean,2017-12-26
NO2_mean,2017-12-27
NO2_mean,2017-12-28
NO2_mean,2017-12-29
NO2_mean,2017-12-30
NO2_mean,2017-12-31
NO2_mean,2018-01-01
NO2_mean,2018-01-02
NO2_mean,2018-01-03
NO2_mean,2018-01-04
NO2_mean,2018-01-05
NO2_mean,2018-01-06
NO2_mean,2018-01-07
NO2_mean,2018-01-08
NO2_mean,2018-01-09
NO2_mean,2018-01-10
NO2_mean,2018-01-11
NO2_mean,2018-01-12
NO2_mean,2018-01-13
NO2_mean,2018-01-14
NO2_mean,2018-01-15
NO2_mean,2018-01-16
NO2_mean,2018-01-17
NO2_mean,2018-01-18
NO2_mean,2018-01-19
NO2_mean,2018-01-20
NO2_mean,2018-01-21
NO2_mean,2018-01-22
NO2_mean,2018-01-23
NO2_mean,2018-01-24
NO2_mean,2018-01-25
NO2_mean,2018-01-26
NO2_mean,2018-01-27
NO2_mean,2018-01-28
NO2_mean,2018-01-29
NO2_mean,2018-01-30
NO2_mean,2018-01-31
NO2_mean,2018-02-01
NO2_mean,2018-02-02
NO2_mean,2018-02-03
NO2_mean,2018-02-04
NO2_mean,2018-02-05
NO2_mean,2018-02-06
NO2_mean,2018-02-07
NO2_mean,2018-02-08
NO2_mean,2018-02-09
NO2_mean,2018-02-10
NO2_mean,2018-02-11
NO2_mean,2018-02-12
NO2_mean,2018-02-13
NO2_mean,2018-02-14
NO2_mean,2018-02-15
NO2_mean,2018-02-16
NO2_mean,2018-02-17
NO2_mean,2018-02-18
NO2_mean,2018-02-19
NO2_mean,2018-02-20
NO2_mean,2018-02-21
NO2_mean,2018-02-22
NO2_mean,2018-02-23
NO2_mean,2018-02-24
NO2_mean,2018-02-25
NO2_mean,2018-02-26
NO2_mean,2018-02-27
NO2_mean,2018-02-28
NO2_mean,2018-03-01
NO2_mean,2018-03-02
NO2_mean,2018-03-03
NO2_mean,2018-03-04
NO2_mean,2018-03-05
NO2_mean,2018-03-06
NO2_mean,2018-03-07
NO2_mean,2018-03-08
NO2_mean,2018-03-09
NO2_mean,2018-03-10
NO2_mean,2018-03-11
NO2_mean,2018-03-12
NO2_mean,2018-03-13
NO2_mean,2018-03-14
NO2_mean,2018-03-15
NO2_mean,2018-03-16
NO2_mean,2018-03-17
NO2_mean,2018-03-18
NO2_mean,2018-03-19
NO2_mean,2018-03-20
NO2_mean,2018-03-21
NO2_mean,2018-03-22
NO2_mean,2018-03-23
NO2_mean,2018-03-24
NO2_mean,2018-03-25
NO2_mean,2018-03-26
NO2_mean,2018-03-27
NO2_mean,2018-03-28
NO2_mean,2018-03-29
NO2_mean,2018-03-30
NO2_mean,2018-03-31
NO2_mean,2018-04-01
NO2_mean,2018-04-02
NO2_mean,2018-04-03
NO2_mean,2018-04-04
NO2_mean,2018-04-05
NO2_mean,2018-04-06
NO2_mean,2018-04-07
NO2_mean,2018-04-08
NO2_mean,2018-04-09
NO2_mean,2018-04-10
NO2_mean,2018-04-11
NO2_mean,2018-04-12
NO2_mean,2018-04-13
NO2_mean,2018-04-14
NO2_mean,2018-04-15
NO2_mean,2018-04-16
NO2_mean,2018-04-17
NO2_mean,2018-04-18
NO2_mean,2018-04-19
NO2_mean,2018-04-20
NO2_mean,2018-04-21
NO2_mean,2018-04-22
NO2_mean,2018-04-23
NO2_mean,2018-04-24
NO2_mean,2018-04-25
NO2_mean,2018-04-26
NO2_mean,2018-04-27
NO2_mean,2018-04-28
NO2_mean,2018-04-29
NO2_mean,2018-04-30
NO2_mean,2018-05-01
NO2_mean,2018-05-02
NO2_mean,2018-05-03
NO2_mean,2018-05-04
NO2_mean,2018-05-05
NO2_mean,2018-05-06
NO2_mean,2018-05-07
NO2_mean,2018-05-08
NO2_mean,2018-05-09
NO2_mean,2018-05-10
NO2_mean,2018-05-11
NO2_mean,2018-05-12
NO2_mean,2018-05-13
NO2_mean,2018-05-14
NO2_mean,2018-05-15
NO2_mean,2018-05-16
NO2_mean,2018-05-17
NO2_mean,2018-05-18
NO2_mean,2018-05-19
NO2_mean,2018-05-20
NO2_mean,2018-05-21
NO2_mean,2018-05-22
NO2_mean,2018-05-23
NO2_mean,2018-05-24
NO2_mean,2018-05-25
NO2_mean,2018-05-26
NO2_mean,2018-05-27
NO2_mean,2018-05-28
NO2_mean,2018-05-29
NO2_mean,2018-05-30
NO2_mean,2018-05-31
NO2_mean,2018-06-01
NO2_mean,2018-06-02
NO2_mean,2018-06-03
NO2_mean,2018-06-04
NO2_mean,2018-06-05
NO2_mean,2018-06-06
NO2_mean,2018-06-07
NO2_mean,2018-06-08
NO2_mean,2018-06-09
NO2_mean,2018-06-10
NO2_mean,2018-06-11
NO2_mean,2018-06-12
NO2_mean,2018-06-13
NO2_mean,2018-06-14
NO2_mean,2018-06-15
NO2_mean,2018-06-16
NO2_mean,2018-06-17
NO2_mean,2018-06-18
NO2_mean,2018-06-19
NO2_mean,2018-06-20
NO2_mean,2018-06-21
NO2_mean,2018-06-22
NO2_mean,2018-06-23
NO2_mean,2018-06-24
NO2_mean,2018-06-25
NO2_mean,2018-06-26
NO2_mean,2018-06-27
NO2_mean,2018-06-28
NO2_mean,2018-06-29
NO2_mean,2018-06-30
NO2_mean,2018-07-01
NO2_mean,2018-07-02
NO2_mean,2018-07-03
NO2_mean,2018-07-04
NO2_mean,2018-07-05
NO2_mean,2018-07-06
NO2_mean,2018-07-07
NO2_mean,2018-07-08
NO2_mean,2018-07-09
NO2_mean,2018-07-10
NO2_mean,2018-07-11
NO2_mean,2018-07-12
NO2_mean,2018-07-13
NO2_mean,2018-07-14
NO2_mean,2018-07-15
NO2_mean,2018-07-16
NO2_mean,2018-07-17
NO2_mean,2018-07-18
NO2_mean,2018-07-19
NO2_mean,2018-07-20
NO2_mean,2018-07-21
NO2_mean,2018-07-22
NO2_mean,2018-07-23
NO2_mean,2018-07-24
NO2_mean,2018-07-25
NO2_mean,2018-07-26
NO2_mean,2018-07-27
NO2_mean,2018-07-28
NO2_mean,2018-07-29
NO2_mean,2018-07-30
NO2_mean,2018-07-31
NO2_mean,2018-08-01
NO2_mean,2018-08-02
NO2_mean,2018-08-03
NO2_mean,2018-08-04
NO2_mean,2018-08-05
NO2_mean,2018-08-06
NO2_mean,2018-08-07
NO2_mean,2018-08-08
NO2_mean,2018-08-09
NO2_mean,2018-08-10
NO2_mean,2018-08-11
NO2_mean,2018-08-12
NO2_mean,2018-08-13
NO2_mean,2018-08-14
NO2_mean,2018-08-15
NO2_mean,2018-08-16
NO2_mean,2018-08-17
NO2_mean,2018-08-18
NO2_mean,2018-08-19
NO2_mean,2018-08-20
NO2_mean,2018-08-21
NO2_mean,2018-08-22
NO2_mean,2018-08-23
NO2_mean,2018-08-24
NO2_mean,2018-08-25
NO2_mean,2018-08-26
NO2_mean,2018-08-27
NO2_mean,2018-08-28
NO2_mean,2018-08-29
NO2_mean,2018-08-30
NO2_mean,2018-08-31
NO2_mean,2018-09-01
NO2_mean,2018-09-02
NO2_mean,2018-09-03
NO2_mean,2018-09-04
NO2_mean,2018-09-05
NO2_mean,2018-09-06
NO2_mean,2018-09-07
NO2_mean,2018-09-08
NO2_mean,2018-09-09
NO2_mean,2018-09-10
NO2_mean,2018-09-11
NO2_mean,2018-09-12
NO2_mean,2018-09-13
NO2_mean,2018-09-14
NO2_mean,2018-09-15
NO2_mean,2018-09-16
NO2_mean,2018-09-17
NO2_mean,2018-09-18
NO2_mean,2018-09-19
NO2_mean,2018-09-20
NO2_mean,2018-09-21
NO2_mean,2018-09-22
NO2_mean,2018-09-23
NO2_mean,2018-09-24
NO2_mean,2018-09-25
NO2_mean,2018-09-26
NO2_mean,2018-09-27
NO2_mean,2018-09-28
NO2_mean,2018-09-29
NO2_mean,2018-09-30
NO2_mean,2018-10-01
NO2_mean,2018-10-02
NO2_mean,2018-10-03
NO2_mean,2018-10-04
NO2_mean,2018-10-05
NO2_mean,2018-10-06
NO2_mean,2018-10-07
NO2_mean,2018-10-08
NO2_mean,2018-10-09
NO2_mean,2018-10-10
NO2_mean,2018-10-11
NO2_mean,2018-10-12
NO2_mean,2018-10-13
NO2_mean,2018-10-14
NO2_mean,2018-10-15
NO2_mean,2018-10-16
NO2_mean,2018-10-17
NO2_mean,2018-10-18
NO2_mean,2018-10-19
NO2_mean,2018-10-20
NO2_mean,2018-10-21
NO2_mean,2018-10-22
NO2_mean,2018-10-23
NO2_mean,2018-10-24
NO2_mean,2018-10-25
NO2_mean,2018-10-26
NO2_mean,2018-10-27
NO2_mean,2018-10-28
NO2_mean,2018-10-29
NO2_mean,2018-10-30
NO2_mean,2018-10-31
NO2_mean,2018-11-01
NO2_mean,2018-11-02
NO2_mean,2018-11-03
NO2_mean,2018-11-04
NO2_mean,2018-11-05
NO2_mean,2018-11-06
NO2_mean,2018-11-07
NO2_mean,2018-11-08
NO2_mean,2018-11-09
NO2_mean,2018-11-10
NO2_mean,2018-11-11
NO2_mean,2018-11-12
NO2_mean,2018-11-13
NO2_mean,2018-11-14
NO2_mean,2018-11-15
NO2_mean,2018-11-16
NO2_mean,2018-11-17
NO2_mean,2018-11-18
NO2_mean,2018-11-19
NO2_mean,2018-11-20
NO2_mean,2018-11-21
NO2_mean,2018-11-22
NO2_mean,2018-11-23
NO2_mean,2018-11-24
NO2_mean,2018-11-25
NO2_mean,2018-11-26
NO2_mean,2018-11-27
NO2_mean,2018-11-28
NO2_mean,2018-11-29
NO2_mean,2018-11-30
NO2_mean,2018-12-01
NO2_mean,2018-12-02
NO2_mean,2018-12-03
NO2_mean,2018-12-04
NO2_mean,2018-12-05
NO2_mean,2018-12-06
NO2_mean,2018-12-07
NO2_mean,2018-12-08
NO2_mean,2018-12-09
NO2_mean,2018-12-10
NO2_mean,2018-12-11
NO2_mean,2018-12-12
NO2_mean,2018-12-13
NO2_mean,2018-12-14
NO2_mean,2018-12-15
NO2_mean,2018-12-16
NO2_mean,2018-12-17
NO2_mean,2018-12-18
NO2_mean,2018-12-19
NO2_mean,2018-12-20
NO2_mean,2018-12-21
NO2_mean,2018-12-22
NO2_mean,2018-12-23
NO2_mean,2018-12-24
NO2_mean,2018-12-25
NO2_mean,2018-12-26
NO2_mean,2018-12-27
NO2_mean,2018-12-28
NO2_mean,2018-12-29
NO2_mean,2018-12-30
NO2_mean,2018-12-31
O3_max,2017-01-01
O3_max,2017-01-02
O3_max,2017-01-03
O3_max,2017-01-04
O3_max,2017-01-05
O3_max,2017-01-06
O3_max,2017-01-07
O3_max,2017-01-08
O3_max,2017-01-09
O3_max,2017-01-10
O3_max,2017-01-11
O3_max,2017-01-12
O3_max,2017-01-13
O3_max,2017-01-14
O3_max,2017-01-15
O3_max,2017-01-16
O3_max,2017-01-17
O3_max,2017-01-18
O3_max,2017-01-19
O3_max,2017-01-20
O3_max,2017-01-21
O3_max,2017-01-22
O3_max,2017-01-23
O3_max,2017-01-24
O3_max,2017-01-25
O3_max,2017-01-26
O3_max,2017-01-27
O3_max,2017-01-28
O3_max,2017-01-29
O3_max,2017-01-30
O3_max,2017-01-31
O3_max,2017-02-01
O3_max,2017-02-02
O3_max,2017-02-03
O3_max,2017-02-04
O3_max,2017-02-05
O3_max,2017-02-06
O3_max,2017-02-07
O3_max,2017-02-08
O3_max,2017-02-09
O3_max,2017-02-10
O3_max,2017-02-11
O3_max,2017-02-12
O3_max,2017-02-13
O3_max,2017-02-14
O3_max,2017-02-15
O3_max,2017-02-16
O3_max,2017-02-17
O3_max,2017-02-18
O3_max,2017-02-19
O3_max,2017-02-20
O3_max,2017-02-21
O3_max,2017-02-22
O3_max,2017-02-23
O3_max,2017-02-24
O3_max,2017-02-25
O3_max,2017-02-26
O3_max,2017-02-27
O3_max,2017-02-28
O3_max,2017-03-01
O3_max,2017-03-02
O3_max,2017-03-03
O3_max,2017-03-04
O3_max,2017-03-05
O3_max,2017-03-06
O3_max,2017-03-07
O3_max,2017-03-08
O3_max,2017-03-09
O3_max,2017-03-10
O3_max,2017-03-11
O3_max,2017-03-12
O3_max,2017-03-13
O3_max,2017-03-14
O3_max,2017-03-15
O3_max,2017-03-16
O3_max,2017-03-17
O3_max,2017-03-18
O3_max,2017-03-19
O3_max,2017-03-20
O3_max,2017-03-21
O3_max,2017-03-22
O3_max,2017-03-23
O3_max,2017-03-24
O3_max,2017-03-25
O3_max,2017-03-26
O3_max,2017-03-27
O3_max,2017-03-28
O3_max,2017-03-29
O3_max,2017-03-30
O3_max,2017-03-31
O3_max,2017-04-01
O3_max,2017-04-02
O3_max,2017-04-03
O3_max,2017-04-04
O3_max,2017-04-05
O3_max,2017-04-06
O3_max,2017-04-07
O3_max,2017-04-08
O3_max,2017-04-09
O3_max,2017-04-10
O3_max,2017-04-11
O3_max,2017-04-12
O3_max,2017-04-13
O3_max,2017-04-14
O3_max,2017-04-15
O3_max,2017-04-16
O3_max,2017-04-17
O3_max,2017-04-18
O3_max,2017-04-19
O3_max,2017-04-20
O3_max,2017-04-21
O3_max,2017-04-22
O3_max,2017-04-23
O3_max,2017-04-24
O3_max,2017-04-25
O3_max,2017-04-26
O3_max,2017-04-27
O3_max,2017-04-28
O3_max,2017-04-29
O3_max,2017-04-30
O3_max,2017-05-01
O3_max,2017-05-02
O3_max,2017-05-03
O3_max,2017-05-04
O3_max,2017-05-05
O3_max,2017-05-06
O3_max,2017-05-07
O3_max,2017-05-08
O3_max,2017-05-09
O3_max,2017-05-10
O3_max,2017-05-11
O3_max,2017-05-12
O3_max,2017-05-13
O3_max,2017-05-14
O3_max,2017-05-15
O3_max,2017-05-16
O3_max,2017-05-17
O3_max,2017-05-18
O3_max,2017-05-19
O3_max,2017-05-20
O3_max,2017-05-21
O3_max,2017-05-22
O3_max,2017-05-23
O3_max,2017-05-24
O3_max,2017-05-25
O3_max,2017-05-26
O3_max,2017-05-27
O3_max,2017-05-28
O3_max,2017-05-29
O3_max,2017-05-30
O3_max,2017-05-31
O3_max,2017-06-01
O3_max,2017-06-02
O3_max,2017-06-03
O3_max,2017-06-04
O3_max,2017-06-05
O3_max,2017-06-06
O3_max,2017-06-07
O3_max,2017-06-08
O3_max,2017-06-09
O3_max,2017-06-10
O3_max,2017-06-11
O3_max,2017-06-12
O3_max,2017-06-13
O3_max,2017-06-14
O3_max,2017-06-15
O3_max,2017-06-16
O3_max,2017-06-17
O3_max,2017-06-18
O3_max,2017-06-19
O3_max,2017-06-20
O3_max,2017-06-21
O3_max,2017-06-22
O3_max,2017-06-23
O3_max,2017-06-24
O3_max,2017-06-25
O3_max,2017-06-26
O3_max,2017-06-27
O3_max,2017-06-28
O3_max,2017-06-29
O3_max,2017-06-30
O3_max,2017-07-01
O3_max,2017-07-02
O3_max,2017-07-03
O3_max,2017-07-04
O3_max,2017-07-05
O3_max,2017-07-06
O3_max,2017-07-07
O3_max,2017-07-08
O3_max,2017-07-09
O3_max,2017-07-10
O3_max,2017-07-11
O3_max,2017-07-12
O3_max,2017-07-13
O3_max,2017-07-14
O3_max,2017-07-15
O3_max,2017-07-16
O3_max,2017-07-17
O3_max,2017-07-18
O3_max,2017-07-19
O3_max,2017-07-20
O3_max,2017-07-21
O3_max,2017-07-22
O3_max,2017-07-23
O3_max,2017-07-24
O3_max,2017-07-25
O3_max,2017-07-26
O3_max,2017-07-27
O3_max,2017-07-28
O3_max,2017-07-29
O3_max,2017-07-30
O3_max,2017-07-31
O3_max,2017-08-01
O3_max,2017-08-02
O3_max,2017-08-03
O3_max,2017-08-04
O3_max,2017-08-05
O3_max,2017-08-06
O3_max,2017-08-07
O3_max,2017-08-08
O3_max,2017-08-09
O3_max,2017-08-10
O3_max,2017-08-11
O3_max,2017-08-12
O3_max,2017-08-13
O3_max,2017-08-14
O3_max,2017-08-15
O3_max,2017-08-16
O3_max,2017-08-17
O3_max,2017-08-18
O3_max,2017-08-19
O3_max,2017-08-20
O3_max,2017-08-21
O3_max,2017-08-22
O3_max,2017-08-23
O3_max,2017-08-24
O3_max,2017-08-25
O3_max,2017-08-26
O3_max,2017-08-27
O3_max,2017-08-28
O3_max,2017-08-29
O3_max,2017-08-30
O3_max,2017-08-31
O3_max,2017-09-01
O3_max,2017-09-02
O3_max,2017-09-03
O3_max,2017-09-04
O3_max,2017-09-05
O3_max,2017-09-06
O3_max,2017-09-07
O3_max,2017-09-08
O3_max,2017-09-09
O3_max,2017-09-10
O3_max,2017-09-11
O3_max,2017-09-12
O3_max,2017-09-13
O3_max,2017-09-14
O3_max,2017-09-15
O3_max,2017-09-16
O3_max,2017-09-17
O3_max,2017-09-18
O3_max,2017-09-19
O3_max,2017-09-20
O3_max,2017-09-21
O3_max,2017-09-22
O3_max,2017-09-23
O3_max,2017-09-24
O3_max,2017-09-25
O3_max,2017-09-26
O3_max,2017-09-27
O3_max,2017-09-28
O3_max,2017-09-29
O3_max,2017-09-30
O3_max,2017-10-01
O3_max,2017-10-02
O3_max,2017-10-03
O3_max,2017-10-04
O3_max,2017-10-05
O3_max,2017-10-06
O3_max,2017-10-07
O3_max,2017-10-08
O3_max,2017-10-09
O3_max,2017-10-10
O3_max,2017-10-11
O3_max,2017-10-12
O3_max,2017-10-13
O3_max,2017-10-14
O3_max,2017-10-15
O3_max,2017-10-16
O3_max,2017-10-17
O3_max,2017-10-18
O3_max,2017-10-19
O3_max,2017-10-20
O3_max,2017-10-21
O3_max,2017-10-22
O3_max,2017-10-23
O3_max,2017-10-24
O3_max,2017-10-25
O3_max,2017-10-26
O3_max,2017-10-27
O3_max,2017-10-28
O3_max,2017-10-29
O3_max,2017-10-30
O3_max,2017-10-31
O3_max,2017-11-01
O3_max,2017-11-02
O3_max,2017-11-03
O3_max,2017-11-04
O3_max,2017-11-05
O3_max,2017-11-06
O3_max,2017-11-07
O3_max,2017-11-08
O3_max,2017-11-09
O3_max,2017-11-10
O3_max,2017-11-11
O3_max,2017-11-12
O3_max,2017-11-13
O3_max,2017-11-14
O3_max,2017-11-15
O3_max,2017-11-16
O3_max,2017-11-17
O3_max,2017-11-18
O3_max,2017-11-19
O3_max,2017-11-20
O3_max,2017-11-21
O3_max,2017-11-22
O3_max,2017-11-23
O3_max,2017-11-24
O3_max,2017-11-25
O3_max,2017-11-26
O3_max,2017-11-27
O3_max,2017-11-28
O3_max,2017-11-29
O3_max,2017-11-30
O3_max,2017-12-01
O3_max,2017-12-02
O3_max,2017-12-03
O3_max,2017-12-04
O3_max,2017-12-05
O3_max,2017-12-06
O3_max,2017-12-07
O3_max,2017-12-08
O3_max,2017-12-09
O3_max,2017-12-10
O3_max,2017-12-11
O3_max,2017-12-12
O3_max,2017-12-13
O3_max,2017-12-14
O3_max,2017-12-15
O3_max,2017-12-16
O3_max,2017-12-17
O3_max,2017-12-18
O3_max,2017-12-19
O3_max,2017-12-20
O3_max,2017-12-21
O3_max,2017-12-22
O3_max,2017-12-23
O3_max,2017-12-24
O3_max,2017-12-25
O3_max,2017-12-26
O3_max,2017-12-27
O3_max,2017-12-28
O3_max,2017-12-29
O3_max,2017-12-30
O3_max,2017-12-31
O3_max,2018-01-01
O3_max,2018-01-02
O3_max,2018-01-03
O3_max,2018-01-04
O3_max,2018-01-05
O3_max,2018-01-06
O3_max,2018-01-07
O3_max,2018-01-08
O3_max,2018-01-09
O3_max,2018-01-10
O3_max,2018-01-11
O3_max,2018-01-12
O3_max,2018-01-13
O3_max,2018-01-14
O3_max,2018-01-15
O3_max,2018-01-16
O3_max,2018-01-17
O3_max,2018-01-18
O3_max,2018-01-19
O3_max,2018-01-20
O3_max,2018-01-21
O3_max,2018-01-22
O3_max,2018-01-23
O3_max,2018-01-24
O3_max,2018-01-25
O3_max,2018-01-26
O3_max,2018-01-27
O3_max,2018-01-28
O3_max,2018-01-29
O3_max,2018-01-30
O3_max,2018-01-31
O3_max,2018-02-01
O3_max,2018-02-02
O3_max,2018-02-03
O3_max,2018-02-04
O3_max,2018-02-05
O3_max,2018-02-06
O3_max,2018-02-07
O3_max,2018-02-08
O3_max,2018-02-09
O3_max,2018-02-10
O3_max,2018-02-11
O3_max,2018-02-12
O3_max,2018-02-13
O3_max,2018-02-14
O3_max,2018-02-15
O3_max,2018-02-16
O3_max,2018-02-17
O3_max,2018-02-18
O3_max,2018-02-19
O3_max,2018-02-20
O3_max,2018-02-21
O3_max,2018-02-22
O3_max,2018-02-23
O3_max,2018-02-24
O3_max,2018-02-25
O3_max,2018-02-26
O3_max,2018-02-27
O3_max,2018-02-28
O3_max,2018-03-01
O3_max,2018-03-02
O3_max,2018-03-03
O3_max,2018-03-04
O3_max,2018-03-05
O3_max,2018-03-06
O3_max,2018-03-07
O3_max,2018-03-08
O3_max,2018-03-09
O3_max,2018-03-10
O3_max,2018-03-11
O3_max,2018-03-12
O3_max,2018-03-13
O3_max,2018-03-14
O3_max,2018-03-15
O3_max,2018-03-16
O3_max,2018-03-17
O3_max,2018-03-18
O3_max,2018-03-19
O3_max,2018-03-20
O3_max,2018-03-21
O3_max,2018-03-22
O3_max,2018-03-23
O3_max,2018-03-24
O3_max,2018-03-25
O3_max,2018-03-26
O3_max,2018-03-27
O3_max,2018-03-28
O3_max,2018-03-29
O3_max,2018-03-30
O3_max,2018-03-31
O3_max,2018-04-01
O3_max,2018-04-02
O3_max,2018-04-03
O3_max,2018-04-04
O3_max,2018-04-05
O3_max,2018-04-06
O3_max,2018-04-07
O3_max,2018-04-08
O3_max,2018-04-09
O3_max,2018-04-10
O3_max,2018-04-11
O3_max,2018-04-12
O3_max,2018-04-13
O3_max,2018-04-14
O3_max,2018-04-15
O3_max,2018-04-16
O3_max,2018-04-17
O3_max,2018-04-18
O3_max,2018-04-19
O3_max,2018-04-20
O3_max,2018-04-21
O3_max,2018-04-22
O3_max,2018-04-23
O3_max,2018-04-24
O3_max,2018-04-25
O3_max,2018-04-26
O3_max,2018-04-27
O3_max,2018-04-28
O3_max,2018-04-29
O3_max,2018-04-30
O3_max,2018-05-01
O3_max,2018-05-02
O3_max,2018-05-03
O3_max,2018-05-04
O3_max,2018-05-05
O3_max,2018-05-06
O3_max,2018-05-07
O3_max,2018-05-08
O3_max,2018-05-09
O3_max,2018-05-10
O3_max,2018-05-11
O3_max,2018-05-12
O3_max,2018-05-13
O3_max,2018-05-14
O3_max,2018-05-15
O3_max,2018-05-16
O3_max,2018-05-17
O3_max,2018-05-18
O3_max,2018-05-19
O3_max,2018-05-20
O3_max,2018-05-21
O3_max,2018-05-22
O3_max,2018-05-23
O3_max,2018-05-24
O3_max,2018-05-25
O3_max,2018-05-26
O3_max,2018-05-27
O3_max,2018-05-28
O3_max,2018-05-29
O3_max,2018-05-30
O3_max,2018-05-31
O3_max,2018-06-01
O3_max,2018-06-02
O3_max,2018-06-03
O3_max,2018-06-04
O3_max,2018-06-05
O3_max,2018-06-06
O3_max,2018-06-07
O3_max,2018-06-08
O3_max,2018-06-09
O3_max,2018-06-10
O3_max,2018-06-11
O3_max,2018-06-12
O3_max,2018-06-13
O3_max,2018-06-14
O3_max,2018-06-15
O3_max,2018-06-16
O3_max,2018-06-17
O3_max,2018-06-18
O3_max,2018-06-19
O3_max,2018-06-20
O3_max,2018-06-21
O3_max,2018-06-22
O3_max,2018-06-23
O3_max,2018-06-24
O3_max,2018-06-25
O3_max,2018-06-26
O3_max,2018-06-27
O3_max,2018-06-28
O3_max,2018-06-29
O3_max,2018-06-30
O3_max,2018-07-01
O3_max,2018-07-02
O3_max,2018-07-03
O3_max,2018-07-04
O3_max,2018-07-05
O3_max,2018-07-06
O3_max,2018-07-07
O3_max,2018-07-08
O3_max,2018-07-09
O3_max,2018-07-10
O3_max,2018-07-11
O3_max,2018-07-12
O3_max,2018-07-13
O3_max,2018-07-14
O3_max,2018-07-15
O3_max,2018-07-16
O3_max,2018-07-17
O3_max,2018-07-18
O3_max,2018-07-19
O3_max,2018-07-20
O3_max,2018-07-21
O3_max,2018-07-22
O3_max,2018-07-23
O3_max,2018-07-24
O3_max,2018-07-25
O3_max,2018-07-26
O3_max,2018-07-27
O3_max,2018-07-28
O3_max,2018-07-29
O3_max,2018-07-30
O3_max,2018-07-31
O3_max,2018-08-01
O3_max,2018-08-02
O3_max,2018-08-03
O3_max,2018-08-04
O3_max,2018-08-05
O3_max,2018-08-06
O3_max,2018-08-07
O3_max,2018-08-08
O3_max,2018-08-09
O3_max,2018-08-10
O3_max,2018-08-11
O3_max,2018-08-12
O3_max,2018-08-13
O3_max,2018-08-14
O3_max,2018-08-15
O3_max,2018-08-16
O3_max,2018-08-17
O3_max,2018-08-18
O3_max,2018-08-19
O3_max,2018-08-20
O3_max,2018-08-21
O3_max,2018-08-22
O3_max,2018-08-23
O3_max,2018-08-24
O3_max,2018-08-25
O3_max,2018-08-26
O3_max,2018-08-27
O3_max,2018-08-28
O3_max,2018-08-29
O3_max,2018-08-30
O3_max,2018-08-31
O3_max,2018-09-01
O3_max,2018-09-02
O3_max,2018-09-03
O3_max,2018-09-04
O3_max,2018-09-05
O3_max,2018-09-06
O3_max,2018-09-07
O3_max,2018-09-08
O3_max,2018-09-09
O3_max,2018-09-10
O3_max,2018-09-11
O3_max,2018-09-12
O3_max,2018-09-13
O3_max,2018-09-14
O3_max,2018-09-15
O3_max,2018-09-16
O3_max,2018-09-17
O3_max,2018-09-18
O3_max,2018-09-19
O3_max,2018-09-20
O3_max,2018-09-21
O3_max,2018-09-22
O3_max,2018-09-23
O3_max,2018-09-24
O3_max,2018-09-25
O3_max,2018-09-26
O3_max,2018-09-27
O3_max,2018-09-28
O3_max,2018-09-29
O3_max,2018-09-30
O3_max,2018-10-01
O3_max,2018-10-02
O3_max,2018-10-03
O3_max,2018-10-04
O3_max,2018-10-05
O3_max,2018-10-06
O3_max,2018-10-07
O3_max,2018-10-08
O3_max,2018-10-09
O3_max,2018-10-10
O3_max,2018-10-11
O3_max,2018-10-12
O3_max,2018-10-13
O3_max,2018-10-14
O3_max,2018-10-15
O3_max,2018-10-16
O3_max,2018-10-17
O3_max,2018-10-18
O3_max,2018-10-19
O3_max,2018-10-20
O3_max,2018-10-21
O3_max,2018-10-22
O3_max,2018-10-23
O3_max,2018-10-24
O3_max,2018-10-25
O3_max,2018-10-26
O3_max,2018-10-27
O3_max,2018-10-28
O3_max,2018-10-29
O3_max,2018-10-30
O3_max,2018-10-31
O3_max,2018-11-01
O3_max,2018-11-02
O3_max,2018-11-03
O3_max,2018-11-04
O3_max,2018-11-05
O3_max,2018-11-06
O3_max,2018-11-07
O3_max,2018-11-08
O3_max,2018-11-09
O3_max,2018-11-10
O3_max,2018-11-11
O3_max,2018-11-12
O3_max,2018-11-13
O3_max,2018-11-14
O3_max,2018-11-15
O3_max,2018-11-16
O3_max,2018-11-17
O3_max,2018-11-18
O3_max,2018-11-19
O3_max,2018-11-20
O3_max,2018-11-21
O3_max,2018-11-22
O3_max,2018-11-23
O3_max,2018-11-24
O3_max,2018-11-25
O3_max,2018-11-26
O3_max,2018-11-27
O3_max,2018-11-28
O3_max,2018-11-29
O3_max,2018-11-30
O3_max,2018-12-01
O3_max,2018-12-02
O3_max,2018-12-03
O3_max,2018-12-04
O3_max,2018-12-05
O3_max,2018-12-06
O3_max,2018-12-07
O3_max,2018-12-08
O3_max,2018-12-09
O3_max,2018-12-10
O3_max,2018-12-11
O3_max,2018-12-12
O3_max,2018-12-13
O3_max,2018-12-14
O3_max,2018-12-15
O3_max,2018-12-16
O3_max,2018-12-17
O3_max,2018-12-18
O3_max,2018-12-19
O3_max,2018-12-20
O3_max,2018-12-21
O3_max,2018-12-22
O3_max,2018-12-23
O3_max,2018-12-24
O3_max,2018-12-25
O3_max,2018-12-26
O3_max,2018-12-27
O3_max,2018-12-28
O3_max,2018-12-29
O3_max,2018-12-30
O3_max,2018-12-31
O3_mean,2017-01-01
O3_mean,2017-01-02
O3_mean,2017-01-03
O3_mean,2017-01-04
O3_mean,2017-01-05
O3_mean,2017-01-06
O3_mean,2017-01-07
O3_mean,2017-01-08
O3_mean,2017-01-09
O3_mean,2017-01-10
O3_mean,2017-01-11
O3_mean,2017-01-12
O3_mean,2017-01-13
O3_mean,2017-01-14
O3_mean,2017-01-15
O3_mean,2017-01-16
O3_mean,2017-01-17
O3_mean,2017-01-18
O3_mean,2017-01-19
O3_mean,2017-01-20
O3_mean,2017-01-21
O3_mean,2017-01-22
O3_mean,2017-01-23
O3_mean,2017-01-24
O3_mean,2017-01-25
O3_mean,2017-01-26
O3_mean,2017-01-27
O3_mean,2017-01-28
O3_mean,2017-01-29
O3_mean,2017-01-30
O3_mean,2017-01-31
O3_mean,2017-02-01
O3_mean,2017-02-02
O3_mean,2017-02-03
O3_mean,2017-02-04
O3_mean,2017-02-05
O3_mean,2017-02-06
O3_mean,2017-02-07
O3_mean,2017-02-08
O3_mean,2017-02-09
O3_mean,2017-02-10
O3_mean,2017-02-11
O3_mean,2017-02-12
O3_mean,2017-02-13
O3_mean,2017-02-14
O3_mean,2017-02-15
O3_mean,2017-02-16
O3_mean,2017-02-17
O3_mean,2017-02-18
O3_mean,2017-02-19
O3_mean,2017-02-20
O3_mean,2017-02-21
O3_mean,2017-02-22
O3_mean,2017-02-23
O3_mean,2017-02-24
O3_mean,2017-02-25
O3_mean,2017-02-26
O3_mean,2017-02-27
O3_mean,2017-02-28
O3_mean,2017-03-01
O3_mean,2017-03-02
O3_mean,2017-03-03
O3_mean,2017-03-04
O3_mean,2017-03-05
O3_mean,2017-03-06
O3_mean,2017-03-07
O3_mean,2017-03-08
O3_mean,2017-03-09
O3_mean,2017-03-10
O3_mean,2017-03-11
O3_mean,2017-03-12
O3_mean,2017-03-13
O3_mean,2017-03-14
O3_mean,2017-03-15
O3_mean,2017-03-16
O3_mean,2017-03-17
O3_mean,2017-03-18
O3_mean,2017-03-19
O3_mean,2017-03-20
O3_mean,2017-03-21
O3_mean,2017-03-22
O3_mean,2017-03-23
O3_mean,2017-03-24
O3_mean,2017-03-25
O3_mean,2017-03-26
O3_mean,2017-03-27
O3_mean,2017-03-28
O3_mean,2017-03-29
O3_mean,2017-03-30
O3_mean,2017-03-31
O3_mean,2017-04-01
O3_mean,2017-04-02
O3_mean,2017-04-03
O3_mean,2017-04-04
O3_mean,2017-04-05
O3_mean,2017-04-06
O3_mean,2017-04-07
O3_mean,2017-04-08
O3_mean,2017-04-09
O3_mean,2017-04-10
O3_mean,2017-04-11
O3_mean,2017-04-12
O3_mean,2017-04-13
O3_mean,2017-04-14
O3_mean,2017-04-15
O3_mean,2017-04-16
O3_mean,2017-04-17
O3_mean,2017-04-18
O3_mean,2017-04-19
O3_mean,2017-04-20
O3_mean,2017-04-21
O3_mean,2017-04-22
O3_mean,2017-04-23
O3_mean,2017-04-24
O3_mean,2017-04-25
O3_mean,2017-04-26
O3_mean,2017-04-27
O3_mean,2017-04-28
O3_mean,2017-04-29
O3_mean,2017-04-30
O3_mean,2017-05-01
O3_mean,2017-05-02
O3_mean,2017-05-03
O3_mean,2017-05-04
O3_mean,2017-05-05
O3_mean,2017-05-06
O3_mean,2017-05-07
O3_mean,2017-05-08
O3_mean,2017-05-09
O3_mean,2017-05-10
O3_mean,2017-05-11
O3_mean,2017-05-12
O3_mean,2017-05-13
O3_mean,2017-05-14
O3_mean,2017-05-15
O3_mean,2017-05-16
O3_mean,2017-05-17
O3_mean,2017-05-18
O3_mean,2017-05-19
O3_mean,2017-05-20
O3_mean,2017-05-21
O3_mean,2017-05-22
O3_mean,2017-05-23
O3_mean,2017-05-24
O3_mean,2017-05-25
O3_mean,2017-05-26
O3_mean,2017-05-27
O3_mean,2017-05-28
O3_mean,2017-05-29
O3_mean,2017-05-30
O3_mean,2017-05-31
O3_mean,2017-06-01
O3_mean,2017-06-02
O3_mean,2017-06-03
O3_mean,2017-06-04
O3_mean,2017-06-05
O3_mean,2017-06-06
O3_mean,2017-06-07
O3_mean,2017-06-08
O3_mean,2017-06-09
O3_mean,2017-06-10
O3_mean,2017-06-11
O3_mean,2017-06-12
O3_mean,2017-06-13
O3_mean,2017-06-14
O3_mean,2017-06-15
O3_mean,2017-06-16
O3_mean,2017-06-17
O3_mean,2017-06-18
O3_mean,2017-06-19
O3_mean,2017-06-20
O3_mean,2017-06-21
O3_mean,2017-06-22
O3_mean,2017-06-23
O3_mean,2017-06-24
O3_mean,2017-06-25
O3_mean,2017-06-26
O3_mean,2017-06-27
O3_mean,2017-06-28
O3_mean,2017-06-29
O3_mean,2017-06-30
O3_mean,2017-07-01
O3_mean,2017-07-02
O3_mean,2017-07-03
O3_mean,2017-07-04
O3_mean,2017-07-05
O3_mean,2017-07-06
O3_mean,2017-07-07
O3_mean,2017-07-08
O3_mean,2017-07-09
O3_mean,2017-07-10
O3_mean,2017-07-11
O3_mean,2017-07-12
O3_mean,2017-07-13
O3_mean,2017-07-14
O3_mean,2017-07-15
O3_mean,2017-07-16
O3_mean,2017-07-17
O3_mean,2017-07-18
O3_mean,2017-07-19
O3_mean,2017-07-20
O3_mean,2017-07-21
O3_mean,2017-07-22
O3_mean,2017-07-23
O3_mean,2017-07-24
O3_mean,2017-07-25
O3_mean,2017-07-26
O3_mean,2017-07-27
O3_mean,2017-07-28
O3_mean,2017-07-29
O3_mean,2017-07-30
O3_mean,2017-07-31
O3_mean,2017-08-01
O3_mean,2017-08-02
O3_mean,2017-08-03
O3_mean,2017-08-04
O3_mean,2017-08-05
O3_mean,2017-08-06
O3_mean,2017-08-07
O3_mean,2017-08-08
O3_mean,2017-08-09
O3_mean,2017-08-10
O3_mean,2017-08-11
O3_mean,2017-08-12
O3_mean,2017-08-13
O3_mean,2017-08-14
O3_mean,2017-08-15
O3_mean,2017-08-16
O3_mean,2017-08-17
O3_mean,2017-08-18
O3_mean,2017-08-19
O3_mean,2017-08-20
O3_mean,2017-08-21
O3_mean,2017-08-22
O3_mean,2017-08-23
O3_mean,2017-08-24
O3_mean,2017-08-25
O3_mean,2017-08-26
O3_mean,2017-08-27
O3_mean,2017-08-28
O3_mean,2017-08-29
O3_mean,2017-08-30
O3_mean,2017-08-31
O3_mean,2017-09-01
O3_mean,2017-09-02
O3_mean,2017-09-03
O3_mean,2017-09-04
O3_mean,2017-09-05
O3_mean,2017-09-06
O3_mean,2017-09-07
O3_mean,2017-09-08
O3_mean,2017-09-09
O3_mean,2017-09-10
O3_mean,2017-09-11
O3_mean,2017-09-12
O3_mean,2017-09-13
O3_mean,2017-09-14
O3_mean,2017-09-15
O3_mean,2017-09-16
O3_mean,2017-09-17
O3_mean,2017-09-18
O3_mean,2017-09-19
O3_mean,2017-09-20
O3_mean,2017-09-21
O3_mean,2017-09-22
O3_mean,2017-09-23
O3_mean,2017-09-24
O3_mean,2017-09-25
O3_mean,2017-09-26
O3_mean,2017-09-27
O3_mean,2017-09-28
O3_mean,2017-09-29
O3_mean,2017-09-30
O3_mean,2017-10-01
O3_mean,2017-10-02
O3_mean,2017-10-03
O3_mean,2017-10-04
O3_mean,2017-10-05
O3_mean,2017-10-06
O3_mean,2017-10-07
O3_mean,2017-10-08
O3_mean,2017-10-09
O3_mean,2017-10-10
O3_mean,2017-10-11
O3_mean,2017-10-12
O3_mean,2017-10-13
O3_mean,2017-10-14
O3_mean,2017-10-15
O3_mean,2017-10-16
O3_mean,2017-10-17
O3_mean,2017-10-18
O3_mean,2017-10-19
O3_mean,2017-10-20
O3_mean,2017-10-21
O3_mean,2017-10-22
O3_mean,2017-10-23
O3_mean,2017-10-24
O3_mean,2017-10-25
O3_mean,2017-10-26
O3_mean,2017-10-27
O3_mean,2017-10-28
O3_mean,2017-10-29
O3_mean,2017-10-30
O3_mean,2017-10-31
O3_mean,2017-11-01
O3_mean,2017-11-02
O3_mean,2017-11-03
O3_mean,2017-11-04
O3_mean,2017-11-05
O3_mean,2017-11-06
O3_mean,2017-11-07
O3_mean,2017-11-08
O3_mean,2017-11-09
O3_mean,2017-11-10
O3_mean,2017-11-11
O3_mean,2017-11-12
O3_mean,2017-11-13
O3_mean,2017-11-14
O3_mean,2017-11-15
O3_mean,2017-11-16
O3_mean,2017-11-17
O3_mean,2017-11-18
O3_mean,2017-11-19
O3_mean,2017-11-20
O3_mean,2017-11-21
O3_mean,2017-11-22
O3_mean,2017-11-23
O3_mean,2017-11-24
O3_mean,2017-11-25
O3_mean,2017-11-26
O3_mean,2017-11-27
O3_mean,2017-11-28
O3_mean,2017-11-29
O3_mean,2017-11-30
O3_mean,2017-12-01
O3_mean,2017-12-02
O3_mean,2017-12-03
O3_mean,2017-12-04
O3_mean,2017-12-05
O3_mean,2017-12-06
O3_mean,2017-12-07
O3_mean,2017-12-08
O3_mean,2017-12-09
O3_mean,2017-12-10
O3_mean,2017-12-11
O3_mean,2017-12-12
O3_mean,2017-12-13
O3_mean,2017-12-14
O3_mean,2017-12-15
O3_mean,2017-12-16
O3_mean,2017-12-17
O3_mean,2017-12-18
O3_mean,2017-12-19
O3_mean,2017-12-20
O3_mean,2017-12-21
O3_mean,2017-12-22
O3_mean,2017-12-23
O3_mean,2017-12-24
O3_mean,2017-12-25
O3_mean,2017-12-26
O3_mean,2017-12-27
O3_mean,2017-12-28
O3_mean,2017-12-29
O3_mean,2017-12-30
O3_mean,2017-12-31
O3_mean,2018-01-01
O3_mean,2018-01-02
O3_mean,2018-01-03
O3_mean,2018-01-04
O3_mean,2018-01-05
O3_mean,2018-01-06
O3_mean,2018-01-07
O3_mean,2018-01-08
O3_mean,2018-01-09
O3_mean,2018-01-10
O3_mean,2018-01-11
O3_mean,2018-01-12
O3_mean,2018-01-13
O3_mean,2018-01-14
O3_mean,2018-01-15
O3_mean,2018-01-16
O3_mean,2018-01-17
O3_mean,2018-01-18
O3_mean,2018-01-19
O3_mean,2018-01-20
O3_mean,2018-01-21
O3_mean,2018-01-22
O3_mean,2018-01-23
O3_mean,2018-01-24
O3_mean,2018-01-25
O3_mean,2018-01-26
O3_mean,2018-01-27
O3_mean,2018-01-28
O3_mean,2018-01-29
O3_mean,2018-01-30
O3_mean,2018-01-31
O3_mean,2018-02-01
O3_mean,2018-02-02
O3_mean,2018-02-03
O3_mean,2018-02-04
O3_mean,2018-02-05
O3_mean,2018-02-06
O3_mean,2018-02-07
O3_mean,2018-02-08
O3_mean,2018-02-09
O3_mean,2018-02-10
O3_mean,2018-02-11
O3_mean,2018-02-12
O3_mean,2018-02-13
O3_mean,2018-02-14
O3_mean,2018-02-15
O3_mean,2018-02-16
O3_mean,2018-02-17
O3_mean,2018-02-18
O3_mean,2018-02-19
O3_mean,2018-02-20
O3_mean,2018-02-21
O3_mean,2018-02-22
O3_mean,2018-02-23
O3_mean,2018-02-24
O3_mean,2018-02-25
O3_mean,2018-02-26
O3_mean,2018-02-27
O3_mean,2018-02-28
O3_mean,2018-03-01
O3_mean,2018-03-02
O3_mean,2018-03-03
O3_mean,2018-03-04
O3_mean,2018-03-05
O3_mean,2018-03-06
O3_mean,2018-03-07
O3_mean,2018-03-08
O3_mean,2018-03-09
O3_mean,2018-03-10
O3_mean,2018-03-11
O3_mean,2018-03-12
O3_mean,2018-03-13
O3_mean,2018-03-14
O3_mean,2018-03-15
O3_mean,2018-03-16
O3_mean,2018-03-17
O3_mean,2018-03-18
O3_mean,2018-03-19
O3_mean,2018-03-20
O3_mean,2018-03-21
O3_mean,2018-03-22
O3_mean,2018-03-23
O3_mean,2018-03-24
O3_mean,2018-03-25
O3_mean,2018-03-26
O3_mean,2018-03-27
O3_mean,2018-03-28
O3_mean,2018-03-29
O3_mean,2018-03-30
O3_mean,2018-03-31
O3_mean,2018-04-01
O3_mean,2018-04-02
O3_mean,2018-04-03
O3_mean,2018-04-04
O3_mean,2018-04-05
O3_mean,2018-04-06
O3_mean,2018-04-07
O3_mean,2018-04-08
O3_mean,2018-04-09
O3_mean,2018-04-10
O3_mean,2018-04-11
O3_mean,2018-04-12
O3_mean,2018-04-13
O3_mean,2018-04-14
O3_mean,2018-04-15
O3_mean,2018-04-16
O3_mean,2018-04-17
O3_mean,2018-04-18
O3_mean,2018-04-19
O3_mean,2018-04-20
O3_mean,2018-04-21
O3_mean,2018-04-22
O3_mean,2018-04-23
O3_mean,2018-04-24
O3_mean,2018-04-25
O3_mean,2018-04-26
O3_mean,2018-04-27
O3_mean,2018-04-28
O3_mean,2018-04-29
O3_mean,2018-04-30
O3_mean,2018-05-01
O3_mean,2018-05-02
O3_mean,2018-05-03
O3_mean,2018-05-04
O3_mean,2018-05-05
O3_mean,2018-05-06
O3_mean,2018-05-07
O3_mean,2018-05-08
O3_mean,2018-05-09
O3_mean,2018-05-10
O3_mean,2018-05-11
O3_mean,2018-05-12
O3_mean,2018-05-13
O3_mean,2018-05-14
O3_mean,2018-05-15
O3_mean,2018-05-16
O3_mean,2018-05-17
O3_mean,2018-05-18
O3_mean,2018-05-19
O3_mean,2018-05-20
O3_mean,2018-05-21
O3_mean,2018-05-22
O3_mean,2018-05-23
O3_mean,2018-05-24
O3_mean,2018-05-25
O3_mean,2018-05-26
O3_mean,2018-05-27
O3_mean,2018-05-28
O3_mean,2018-05-29
O3_mean,2018-05-30
O3_mean,2018-05-31
O3_mean,2018-06-01
O3_mean,2018-06-02
O3_mean,2018-06-03
O3_mean,2018-06-04
O3_mean,2018-06-05
O3_mean,2018-06-06
O3_mean,2018-06-07
O3_mean,2018-06-08
O3_mean,2018-06-09
O3_mean,2018-06-10
O3_mean,2018-06-11
O3_mean,2018-06-12
O3_mean,2018-06-13
O3_mean,2018-06-14
O3_mean,2018-06-15
O3_mean,2018-06-16
O3_mean,2018-06-17
O3_mean,2018-06-18
O3_mean,2018-06-19
O3_mean,2018-06-20
O3_mean,2018-06-21
O3_mean,2018-06-22
O3_mean,2018-06-23
O3_mean,2018-06-24
O3_mean,2018-06-25
O3_mean,2018-06-26
O3_mean,2018-06-27
O3_mean,2018-06-28
O3_mean,2018-06-29
O3_mean,2018-06-30
O3_mean,2018-07-01
O3_mean,2018-07-02
O3_mean,2018-07-03
O3_mean,2018-07-04
O3_mean,2018-07-05
O3_mean,2018-07-06
O3_mean,2018-07-07
O3_mean,2018-07-08
O3_mean,2018-07-09
O3_mean,2018-07-10
O3_mean,2018-07-11
O3_mean,2018-07-12
O3_mean,2018-07-13
O3_mean,2018-07-14
O3_mean,2018-07-15
O3_mean,2018-07-16
O3_mean,2018-07-17
O3_mean,2018-07-18
O3_mean,2018-07-19
O3_mean,2018-07-20
O3_mean,2018-07-21
O3_mean,2018-07-22
O3_mean,2018-07-23
O3_mean,2018-07-24
O3_mean,2018-07-25
O3_mean,2018-07-26
O3_mean,2018-07-27
O3_mean,2018-07-28
O3_mean,2018-07-29
O3_mean,2018-07-30
O3_mean,2018-07-31
O3_mean,2018-08-01
O3_mean,2018-08-02
O3_mean,2018-08-03
O3_mean,2018-08-04
O3_mean,2018-08-05
O3_mean,2018-08-06
O3_mean,2018-08-07
O3_mean,2018-08-08
O3_mean,2018-08-09
O3_mean,2018-08-10
O3_mean,2018-08-11
O3_mean,2018-08-12
O3_mean,2018-08-13
O3_mean,2018-08-14
O3_mean,2018-08-15
O3_mean,2018-08-16
O3_mean,2018-08-17
O3_mean,2018-08-18
O3_mean,2018-08-19
O3_mean,2018-08-20
O3_mean,2018-08-21
O3_mean,2018-08-22
O3_mean,2018-08-23
O3_mean,2018-08-24
O3_mean,2018-08-25
O3_mean,2018-08-26
O3_mean,2018-08-27
O3_mean,2018-08-28
O3_mean,2018-08-29
O3_mean,2018-08-30
O3_mean,2018-08-31
O3_mean,2018-09-01
O3_mean,2018-09-02
O3_mean,2018-09-03
O3_mean,2018-09-04
O3_mean,2018-09-05
O3_mean,2018-09-06
O3_mean,2018-09-07
O3_mean,2018-09-08
O3_mean,2018-09-09
O3_mean,2018-09-10
O3_mean,2018-09-11
O3_mean,2018-09-12
O3_mean,2018-09-13
O3_mean,2018-09-14
O3_mean,2018-09-15
O3_mean,2018-09-16
O3_mean,2018-09-17
O3_mean,2018-09-18
O3_mean,2018-09-19
O3_mean,2018-09-20
O3_mean,2018-09-21
O3_mean,2018-09-22
O3_mean,2018-09-23
O3_mean,2018-09-24
O3_mean,2018-09-25
O3_mean,2018-09-26
O3_mean,2018-09-27
O3_mean,2018-09-28
O3_mean,2018-09-29
O3_mean,2018-09-30
O3_mean,2018-10-01
O3_mean,2018-10-02
O3_mean,2018-10-03
O3_mean,2018-10-04
O3_mean,2018-10-05
O3_mean,2018-10-06
O3_mean,2018-10-07
O3_mean,2018-10-08
O3_mean,2018-10-09
O3_mean,2018-10-10
O3_mean,2018-10-11
O3_mean,2018-10-12
O3_mean,2018-10-13
O3_mean,2018-10-14
O3_mean,2018-10-15
O3_mean,2018-10-16
O3_mean,2018-10-17
O3_mean,2018-10-18
O3_mean,2018-10-19
O3_mean,2018-10-20
O3_mean,2018-10-21
O3_mean,2018-10-22
O3_mean,2018-10-23
O3_mean,2018-10-24
O3_mean,2018-10-25
O3_mean,2018-10-26
O3_mean,2018-10-27
O3_mean,2018-10-28
O3_mean,2018-10-29
O3_mean,2018-10-30
O3_mean,2018-10-31
O3_mean,2018-11-01
O3_mean,2018-11-02
O3_mean,2018-11-03
O3_mean,2018-11-04
O3_mean,2018-11-05
O3_mean,2018-11-06
O3_mean,2018-11-07
O3_mean,2018-11-08
O3_mean,2018-11-09
O3_mean,2018-11-10
O3_mean,2018-11-11
O3_mean,2018-11-12
O3_mean,2018-11-13
O3_mean,2018-11-14
O3_mean,2018-11-15
O3_mean,2018-11-16
O3_mean,2018-11-17
O3_mean,2018-11-18
O3_mean,2018-11-19
O3_mean,2018-11-20
O3_mean,2018-11-21
O3_mean,2018-11-22
O3_mean,2018-11-23
O3_mean,2018-11-24
O3_mean,2018-11-25
O3_mean,2018-11-26
O3_mean,2018-11-27
O3_mean,2018-11-28
O3_mean,2018-11-29
O3_mean,2018-11-30
O3_mean,2018-12-01
O3_mean,2018-12-02
O3_mean,2018-12-03
O3_mean,2018-12-04
O3_mean,2018-12-05
O3_mean,2018-12-06
O3_mean,2018-12-07
O3_mean,2018-12-08
O3_mean,2018-12-09
O3_mean,2018-12-10
O3_mean,2018-12-11
O3_mean,2018-12-12
O3_mean,2018-12-13
O3_mean,2018-12-14
O3_mean,2018-12-15
O3_mean,2018-12-16
O3_mean,2018-12-17
O3_mean,2018-12-18
O3_mean,2018-12-19
O3_mean,2018-12-20
O3_mean,2018-12-21
O3_mean,2018-12-22
O3_mean,2018-12-23
O3_mean,2018-12-24
O3_mean,2018-12-25
O3_mean,2018-12-26
O3_mean,2018-12-27
O3_mean,2018-12-28
O3_mean,2018-12-29
O3_mean,2018-12-30
O3_mean,2018-12-31
PM10_max,2017-01-01
PM10_max,2017-01-02
PM10_max,2017-01-03
PM10_max,2017-01-04
PM10_max,2017-01-05
PM10_max,2017-01-06
PM10_max,2017-01-07
PM10_max,2017-01-08
PM10_max,2017-01-09
PM10_max,2017-01-10
PM10_max,2017-01-11
PM10_max,2017-01-12
PM10_max,2017-01-13
PM10_max,2017-01-14
PM10_max,2017-01-15
PM10_max,2017-01-16
PM10_max,2017-01-17
PM10_max,2017-01-18
PM10_max,2017-01-19
PM10_max,2017-01-20
PM10_max,2017-01-21
PM10_max,2017-01-22
PM10_max,2017-01-23
PM10_max,2017-01-24
PM10_max,2017-01-25
PM10_max,2017-01-26
PM10_max,2017-01-27
PM10_max,2017-01-28
PM10_max,2017-01-29
PM10_max,2017-01-30
PM10_max,2017-01-31
PM10_max,2017-02-01
PM10_max,2017-02-02
PM10_max,2017-02-03
PM10_max,2017-02-04
PM10_max,2017-02-05
PM10_max,2017-02-06
PM10_max,2017-02-07
PM10_max,2017-02-08
PM10_max,2017-02-09
PM10_max,2017-02-10
PM10_max,2017-02-11
PM10_max,2017-02-12
PM10_max,2017-02-13
PM10_max,2017-02-14
PM10_max,2017-02-15
PM10_max,2017-02-16
PM10_max,2017-02-17
PM10_max,2017-02-18
PM10_max,2017-02-19
PM10_max,2017-02-20
PM10_max,2017-02-21
PM10_max,2017-02-22
PM10_max,2017-02-23
PM10_max,2017-02-24
PM10_max,2017-02-25
PM10_max,2017-02-26
PM10_max,2017-02-27
PM10_max,2017-02-28
PM10_max,2017-03-01
PM10_max,2017-03-02
PM10_max,2017-03-03
PM10_max,2017-03-04
PM10_max,2017-03-05
PM10_max,2017-03-06
PM10_max,2017-03-07
PM10_max,2017-03-08
PM10_max,2017-03-09
PM10_max,2017-03-10
PM10_max,2017-03-11
PM10_max,2017-03-12
PM10_max,2017-03-13
PM10_max,2017-03-14
PM10_max,2017-03-15
PM10_max,2017-03-16
PM10_max,2017-03-17
PM10_max,2017-03-18
PM10_max,2017-03-19
PM10_max,2017-03-20
PM10_max,2017-03-21
PM10_max,2017-03-22
PM10_max,2017-03-23
PM10_max,2017-03-24
PM10_max,2017-03-25
PM10_max,2017-03-26
PM10_max,2017-03-27
PM10_max,2017-03-28
PM10_max,2017-03-29
PM10_max,2017-03-30
PM10_max,2017-03-31
PM10_max,2017-04-01
PM10_max,2017-04-02
PM10_max,2017-04-03
PM10_max,2017-04-04
PM10_max,2017-04-05
PM10_max,2017-04-06
PM10_max,2017-04-07
PM10_max,2017-04-08
PM10_max,2017-04-09
PM10_max,2017-04-10
PM10_max,2017-04-11
PM10_max,2017-04-12
PM10_max,2017-04-13
PM10_max,2017-04-14
PM10_max,2017-04-15
PM10_max,2017-04-16
PM10_max,2017-04-17
PM10_max,2017-04-18
PM10_max,2017-04-19
PM10_max,2017-04-20
PM10_max,2017-04-21
PM10_max,2017-04-22
PM10_max,2017-04-23
PM10_max,2017-04-24
PM10_max,2017-04-25
PM10_max,2017-04-26
PM10_max,2017-04-27
PM10_max,2017-04-28
PM10_max,2017-04-29
PM10_max,2017-04-30
PM10_max,2017-05-01
PM10_max,2017-05-02
PM10_max,2017-05-03
PM10_max,2017-05-04
PM10_max,2017-05-05
PM10_max,2017-05-06
PM10_max,2017-05-07
PM10_max,2017-05-08
PM10_max,2017-05-09
PM10_max,2017-05-10
PM10_max,2017-05-11
PM10_max,2017-05-12
PM10_max,2017-05-13
PM10_max,2017-05-14
PM10_max,2017-05-15
PM10_max,2017-05-16
PM10_max,2017-05-17
PM10_max,2017-05-18
PM10_max,2017-05-19
PM10_max,2017-05-20
PM10_max,2017-05-21
PM10_max,2017-05-22
PM10_max,2017-05-23
PM10_max,2017-05-24
PM10_max,2017-05-25
PM10_max,2017-05-26
PM10_max,2017-05-27
PM10_max,2017-05-28
PM10_max,2017-05-29
PM10_max,2017-05-30
PM10_max,2017-05-31
PM10_max,2017-06-01
PM10_max,2017-06-02
PM10_max,2017-06-03
PM10_max,2017-06-04
PM10_max,2017-06-05
PM10_max,2017-06-06
PM10_max,2017-06-07
PM10_max,2017-06-08
PM10_max,2017-06-09
PM10_max,2017-06-10
PM10_max,2017-06-11
PM10_max,2017-06-12
PM10_max,2017-06-13
PM10_max,2017-06-14
PM10_max,2017-06-15
PM10_max,2017-06-16
PM10_max,2017-06-17
PM10_max,2017-06-18
PM10_max,2017-06-19
PM10_max,2017-06-20
PM10_max,2017-06-21
PM10_max,2017-06-22
PM10_max,2017-06-23
PM10_max,2017-06-24
PM10_max,2017-06-25
PM10_max,2017-06-26
PM10_max,2017-06-27
PM10_max,2017-06-28
PM10_max,2017-06-29
PM10_max,2017-06-30
PM10_max,2017-07-01
PM10_max,2017-07-02
PM10_max,2017-07-03
PM10_max,2017-07-04
PM10_max,2017-07-05
PM10_max,2017-07-06
PM10_max,2017-07-07
PM10_max,2017-07-08
PM10_max,2017-07-09
PM10_max,2017-07-10
PM10_max,2017-07-11
PM10_max,2017-07-12
PM10_max,2017-07-13
PM10_max,2017-07-14
PM10_max,2017-07-15
PM10_max,2017-07-16
PM10_max,2017-07-17
PM10_max,2017-07-18
PM10_max,2017-07-19
PM10_max,2017-07-20
PM10_max,2017-07-21
PM10_max,2017-07-22
PM10_max,2017-07-23
PM10_max,2017-07-24
PM10_max,2017-07-25
PM10_max,2017-07-26
PM10_max,2017-07-27
PM10_max,2017-07-28
PM10_max,2017-07-29
PM10_max,2017-07-30
PM10_max,2017-07-31
PM10_max,2017-08-01
PM10_max,2017-08-02
PM10_max,2017-08-03
PM10_max,2017-08-04
PM10_max,2017-08-05
PM10_max,2017-08-06
PM10_max,2017-08-07
PM10_max,2017-08-08
PM10_max,2017-08-09
PM10_max,2017-08-10
PM10_max,2017-08-11
PM10_max,2017-08-12
PM10_max,2017-08-13
PM10_max,2017-08-14
PM10_max,2017-08-15
PM10_max,2017-08-16
PM10_max,2017-08-17
PM10_max,2017-08-18
PM10_max,2017-08-19
PM10_max,2017-08-20
PM10_max,2017-08-21
PM10_max,2017-08-22
PM10_max,2017-08-23
PM10_max,2017-08-24
PM10_max,2017-08-25
PM10_max,2017-08-26
PM10_max,2017-08-27
PM10_max,2017-08-28
PM10_max,2017-08-29
PM10_max,2017-08-30
PM10_max,2017-08-31
PM10_max,2017-09-01
PM10_max,2017-09-02
PM10_max,2017-09-03
PM10_max,2017-09-04
PM10_max,2017-09-05
PM10_max,2017-09-06
PM10_max,2017-09-07
PM10_max,2017-09-08
PM10_max,2017-09-09
PM10_max,2017-09-10
PM10_max,2017-09-11
PM10_max,2017-09-12
PM10_max,2017-09-13
PM10_max,2017-09-14
PM10_max,2017-09-15
PM10_max,2017-09-16
PM10_max,2017-09-17
PM10_max,2017-09-18
PM10_max,2017-09-19
PM10_max,2017-09-20
PM10_max,2017-09-21
PM10_max,2017-09-22
PM10_max,2017-09-23
PM10_max,2017-09-24
PM10_max,2017-09-25
PM10_max,2017-09-26
PM10_max,2017-09-27
PM10_max,2017-09-28
PM10_max,2017-09-29
PM10_max,2017-09-30
PM10_max,2017-10-01
PM10_max,2017-10-02
PM10_max,2017-10-03
PM10_max,2017-10-04
PM10_max,2017-10-05
PM10_max,2017-10-06
PM10_max,2017-10-07
PM10_max,2017-10-08
PM10_max,2017-10-09
PM10_max,2017-10-10
PM10_max,2017-10-11
PM10_max,2017-10-12
PM10_max,2017-10-13
PM10_max,2017-10-14
PM10_max,2017-10-15
PM10_max,2017-10-16
PM10_max,2017-10-17
PM10_max,2017-10-18
PM10_max,2017-10-19
PM10_max,2017-10-20
PM10_max,2017-10-21
PM10_max,2017-10-22
PM10_max,2017-10-23
PM10_max,2017-10-24
PM10_max,2017-10-25
PM10_max,2017-10-26
PM10_max,2017-10-27
PM10_max,2017-10-28
PM10_max,2017-10-29
PM10_max,2017-10-30
PM10_max,2017-10-31
PM10_max,2017-11-01
PM10_max,2017-11-02
PM10_max,2017-11-03
PM10_max,2017-11-04
PM10_max,2017-11-05
PM10_max,2017-11-06
PM10_max,2017-11-07
PM10_max,2017-11-08
PM10_max,2017-11-09
PM10_max,2017-11-10
PM10_max,2017-11-11
PM10_max,2017-11-12
PM10_max,2017-11-13
PM10_max,2017-11-14
PM10_max,2017-11-15
PM10_max,2017-11-16
PM10_max,2017-11-17
PM10_max,2017-11-18
PM10_max,2017-11-19
PM10_max,2017-11-20
PM10_max,2017-11-21
PM10_max,2017-11-22
PM10_max,2017-11-23
PM10_max,2017-11-24
PM10_max,2017-11-25
PM10_max,2017-11-26
PM10_max,2017-11-27
PM10_max,2017-11-28
PM10_max,2017-11-29
PM10_max,2017-11-30
PM10_max,2017-12-01
PM10_max,2017-12-02
PM10_max,2017-12-03
PM10_max,2017-12-04
PM10_max,2017-12-05
PM10_max,2017-12-06
PM10_max,2017-12-07
PM10_max,2017-12-08
PM10_max,2017-12-09
PM10_max,2017-12-10
PM10_max,2017-12-11
PM10_max,2017-12-12
PM10_max,2017-12-13
PM10_max,2017-12-14
PM10_max,2017-12-15
PM10_max,2017-12-16
PM10_max,2017-12-17
PM10_max,2017-12-18
PM10_max,2017-12-19
PM10_max,2017-12-20
PM10_max,2017-12-21
PM10_max,2017-12-22
PM10_max,2017-12-23
PM10_max,2017-12-24
PM10_max,2017-12-25
PM10_max,2017-12-26
PM10_max,2017-12-27
PM10_max,2017-12-28
PM10_max,2017-12-29
PM10_max,2017-12-30
PM10_max,2017-12-31
PM10_max,2018-01-01
PM10_max,2018-01-02
PM10_max,2018-01-03
PM10_max,2018-01-04
PM10_max,2018-01-05
PM10_max,2018-01-06
PM10_max,2018-01-07
PM10_max,2018-01-08
PM10_max,2018-01-09
PM10_max,2018-01-10
PM10_max,2018-01-11
PM10_max,2018-01-12
PM10_max,2018-01-13
PM10_max,2018-01-14
PM10_max,2018-01-15
PM10_max,2018-01-16
PM10_max,2018-01-17
PM10_max,2018-01-18
PM10_max,2018-01-19
PM10_max,2018-01-20
PM10_max,2018-01-21
PM10_max,2018-01-22
PM10_max,2018-01-23
PM10_max,2018-01-24
PM10_max,2018-01-25
PM10_max,2018-01-26
PM10_max,2018-01-27
PM10_max,2018-01-28
PM10_max,2018-01-29
PM10_max,2018-01-30
PM10_max,2018-01-31
PM10_max,2018-02-01
PM10_max,2018-02-02
PM10_max,2018-02-03
PM10_max,2018-02-04
PM10_max,2018-02-05
PM10_max,2018-02-06
PM10_max,2018-02-07
PM10_max,2018-02-08
PM10_max,2018-02-09
PM10_max,2018-02-10
PM10_max,2018-02-11
PM10_max,2018-02-12
PM10_max,2018-02-13
PM10_max,2018-02-14
PM10_max,2018-02-15
PM10_max,2018-02-16
PM10_max,2018-02-17
PM10_max,2018-02-18
PM10_max,2018-02-19
PM10_max,2018-02-20
PM10_max,2018-02-21
PM10_max,2018-02-22
PM10_max,2018-02-23
PM10_max,2018-02-24
PM10_max,2018-02-25
PM10_max,2018-02-26
PM10_max,2018-02-27
PM10_max,2018-02-28
PM10_max,2018-03-01
PM10_max,2018-03-02
PM10_max,2018-03-03
PM10_max,2018-03-04
PM10_max,2018-03-05
PM10_max,2018-03-06
PM10_max,2018-03-07
PM10_max,2018-03-08
PM10_max,2018-03-09
PM10_max,2018-03-10
PM10_max,2018-03-11
PM10_max,2018-03-12
PM10_max,2018-03-13
PM10_max,2018-03-14
PM10_max,2018-03-15
PM10_max,2018-03-16
PM10_max,2018-03-17
PM10_max,2018-03-18
PM10_max,2018-03-19
PM10_max,2018-03-20
PM10_max,2018-03-21
PM10_max,2018-03-22
PM10_max,2018-03-23
PM10_max,2018-03-24
PM10_max,2018-03-25
PM10_max,2018-03-26
PM10_max,2018-03-27
PM10_max,2018-03-28
PM10_max,2018-03-29
PM10_max,2018-03-30
PM10_max,2018-03-31
PM10_max,2018-04-01
PM10_max,2018-04-02
PM10_max,2018-04-03
PM10_max,2018-04-04
PM10_max,2018-04-05
PM10_max,2018-04-06
PM10_max,2018-04-07
PM10_max,2018-04-08
PM10_max,2018-04-09
PM10_max,2018-04-10
PM10_max,2018-04-11
PM10_max,2018-04-12
PM10_max,2018-04-13
PM10_max,2018-04-14
PM10_max,2018-04-15
PM10_max,2018-04-16
PM10_max,2018-04-17
PM10_max,2018-04-18
PM10_max,2018-04-19
PM10_max,2018-04-20
PM10_max,2018-04-21
PM10_max,2018-04-22
PM10_max,2018-04-23
PM10_max,2018-04-24
PM10_max,2018-04-25
PM10_max,2018-04-26
PM10_max,2018-04-27
PM10_max,2018-04-28
PM10_max,2018-04-29
PM10_max,2018-04-30
PM10_max,2018-05-01
PM10_max,2018-05-02
PM10_max,2018-05-03
PM10_max,2018-05-04
PM10_max,2018-05-05
PM10_max,2018-05-06
PM10_max,2018-05-07
PM10_max,2018-05-08
PM10_max,2018-05-09
PM10_max,2018-05-10
PM10_max,2018-05-11
PM10_max,2018-05-12
PM10_max,2018-05-13
PM10_max,2018-05-14
PM10_max,2018-05-15
PM10_max,2018-05-16
PM10_max,2018-05-17
PM10_max,2018-05-18
PM10_max,2018-05-19
PM10_max,2018-05-20
PM10_max,2018-05-21
PM10_max,2018-05-22
PM10_max,2018-05-23
PM10_max,2018-05-24
PM10_max,2018-05-25
PM10_max,2018-05-26
PM10_max,2018-05-27
PM10_max,2018-05-28
PM10_max,2018-05-29
PM10_max,2018-05-30
PM10_max,2018-05-31
PM10_max,2018-06-01
PM10_max,2018-06-02
PM10_max,2018-06-03
PM10_max,2018-06-04
PM10_max,2018-06-05
PM10_max,2018-06-06
PM10_max,2018-06-07
PM10_max,2018-06-08
PM10_max,2018-06-09
PM10_max,2018-06-10
PM10_max,2018-06-11
PM10_max,2018-06-12
PM10_max,2018-06-13
PM10_max,2018-06-14
PM10_max,2018-06-15
PM10_max,2018-06-16
PM10_max,2018-06-17
PM10_max,2018-06-18
PM10_max,2018-06-19
PM10_max,2018-06-20
PM10_max,2018-06-21
PM10_max,2018-06-22
PM10_max,2018-06-23
PM10_max,2018-06-24
PM10_max,2018-06-25
PM10_max,2018-06-26
PM10_max,2018-06-27
PM10_max,2018-06-28
PM10_max,2018-06-29
PM10_max,2018-06-30
PM10_max,2018-07-01
PM10_max,2018-07-02
PM10_max,2018-07-03
PM10_max,2018-07-04
PM10_max,2018-07-05
PM10_max,2018-07-06
PM10_max,2018-07-07
PM10_max,2018-07-08
PM10_max,2018-07-09
PM10_max,2018-07-10
PM10_max,2018-07-11
PM10_max,2018-07-12
PM10_max,2018-07-13
PM10_max,2018-07-14
PM10_max,2018-07-15
PM10_max,2018-07-16
PM10_max,2018-07-17
PM10_max,2018-07-18
PM10_max,2018-07-19
PM10_max,2018-07-20
PM10_max,2018-07-21
PM10_max,2018-07-22
PM10_max,2018-07-23
PM10_max,2018-07-24
PM10_max,2018-07-25
PM10_max,2018-07-26
PM10_max,2018-07-27
PM10_max,2018-07-28
PM10_max,2018-07-29
PM10_max,2018-07-30
PM10_max,2018-07-31
PM10_max,2018-08-01
PM10_max,2018-08-02
PM10_max,2018-08-03
PM10_max,2018-08-04
PM10_max,2018-08-05
PM10_max,2018-08-06
PM10_max,2018-08-07
PM10_max,2018-08-08
PM10_max,2018-08-09
PM10_max,2018-08-10
PM10_max,2018-08-11
PM10_max,2018-08-12
PM10_max,2018-08-13
PM10_max,2018-08-14
PM10_max,2018-08-15
PM10_max,2018-08-16
PM10_max,2018-08-17
PM10_max,2018-08-18
PM10_max,2018-08-19
PM10_max,2018-08-20
PM10_max,2018-08-21
PM10_max,2018-08-22
PM10_max,2018-08-23
PM10_max,2018-08-24
PM10_max,2018-08-25
PM10_max,2018-08-26
PM10_max,2018-08-27
PM10_max,2018-08-28
PM10_max,2018-08-29
PM10_max,2018-08-30
PM10_max,2018-08-31
PM10_max,2018-09-01
PM10_max,2018-09-02
PM10_max,2018-09-03
PM10_max,2018-09-04
PM10_max,2018-09-05
PM10_max,2018-09-06
PM10_max,2018-09-07
PM10_max,2018-09-08
PM10_max,2018-09-09
PM10_max,2018-09-10
PM10_max,2018-09-11
PM10_max,2018-09-12
PM10_max,2018-09-13
PM10_max,2018-09-14
PM10_max,2018-09-15
PM10_max,2018-09-16
PM10_max,2018-09-17
PM10_max,2018-09-18
PM10_max,2018-09-19
PM10_max,2018-09-20
PM10_max,2018-09-21
PM10_max,2018-09-22
PM10_max,2018-09-23
PM10_max,2018-09-24
PM10_max,2018-09-25
PM10_max,2018-09-26
PM10_max,2018-09-27
PM10_max,2018-09-28
PM10_max,2018-09-29
PM10_max,2018-09-30
PM10_max,2018-10-01
PM10_max,2018-10-02
PM10_max,2018-10-03
PM10_max,2018-10-04
PM10_max,2018-10-05
PM10_max,2018-10-06
PM10_max,2018-10-07
PM10_max,2018-10-08
PM10_max,2018-10-09
PM10_max,2018-10-10
PM10_max,2018-10-11
PM10_max,2018-10-12
PM10_max,2018-10-13
PM10_max,2018-10-14
PM10_max,2018-10-15
PM10_max,2018-10-16
PM10_max,2018-10-17
PM10_max,2018-10-18
PM10_max,2018-10-19
PM10_max,2018-10-20
PM10_max,2018-10-21
PM10_max,2018-10-22
PM10_max,2018-10-23
PM10_max,2018-10-24
PM10_max,2018-10-25
PM10_max,2018-10-26
PM10_max,2018-10-27
PM10_max,2018-10-28
PM10_max,2018-10-29
PM10_max,2018-10-30
PM10_max,2018-10-31
PM10_max,2018-11-01
PM10_max,2018-11-02
PM10_max,2018-11-03
PM10_max,2018-11-04
PM10_max,2018-11-05
PM10_max,2018-11-06
PM10_max,2018-11-07
PM10_max,2018-11-08
PM10_max,2018-11-09
PM10_max,2018-11-10
PM10_max,2018-11-11
PM10_max,2018-11-12
PM10_max,2018-11-13
PM10_max,2018-11-14
PM10_max,2018-11-15
PM10_max,2018-11-16
PM10_max,2018-11-17
PM10_max,2018-11-18
PM10_max,2018-11-19
PM10_max,2018-11-20
PM10_max,2018-11-21
PM10_max,2018-11-22
PM10_max,2018-11-23
PM10_max,2018-11-24
PM10_max,2018-11-25
PM10_max,2018-11-26
PM10_max,2018-11-27
PM10_max,2018-11-28
PM10_max,2018-11-29
PM10_max,2018-11-30
PM10_max,2018-12-01
PM10_max,2018-12-02
PM10_max,2018-12-03
PM10_max,2018-12-04
PM10_max,2018-12-05
PM10_max,2018-12-06
PM10_max,2018-12-07
PM10_max,2018-12-08
PM10_max,2018-12-09
PM10_max,2018-12-10
PM10_max,2018-12-11
PM10_max,2018-12-12
PM10_max,2018-12-13
PM10_max,2018-12-14
PM10_max,2018-12-15
PM10_max,2018-12-16
PM10_max,2018-12-17
PM10_max,2018-12-18
PM10_max,2018-12-19
PM10_max,2018-12-20
PM10_max,2018-12-21
PM10_max,2018-12-22
PM10_max,2018-12-23
PM10_max,2018-12-24
PM10_max,2018-12-25
PM10_max,2018-12-26
PM10_max,2018-12-27
PM10_max,2018-12-28
PM10_max,2018-12-29
PM10_max,2018-12-30
PM10_max,2018-12-31
PM10_mean,2017-01-01
PM10_mean,2017-01-02
PM10_mean,2017-01-03
PM10_mean,2017-01-04
PM10_mean,2017-01-05
PM10_mean,2017-01-06
PM10_mean,2017-01-07
PM10_mean,2017-01-08
PM10_mean,2017-01-09
PM10_mean,2017-01-10
PM10_mean,2017-01-11
PM10_mean,2017-01-12
PM10_mean,2017-01-13
PM10_mean,2017-01-14
PM10_mean,2017-01-15
PM10_mean,2017-01-16
PM10_mean,2017-01-17
PM10_mean,2017-01-18
PM10_mean,2017-01-19
PM10_mean,2017-01-20
PM10_mean,2017-01-21
PM10_mean,2017-01-22
PM10_mean,2017-01-23
PM10_mean,2017-01-24
PM10_mean,2017-01-25
PM10_mean,2017-01-26
PM10_mean,2017-01-27
PM10_mean,2017-01-28
PM10_mean,2017-01-29
PM10_mean,2017-01-30
PM10_mean,2017-01-31
PM10_mean,2017-02-01
PM10_mean,2017-02-02
PM10_mean,2017-02-03
PM10_mean,2017-02-04
PM10_mean,2017-02-05
PM10_mean,2017-02-06
PM10_mean,2017-02-07
PM10_mean,2017-02-08
PM10_mean,2017-02-09
PM10_mean,2017-02-10
PM10_mean,2017-02-11
PM10_mean,2017-02-12
PM10_mean,2017-02-13
PM10_mean,2017-02-14
PM10_mean,2017-02-15
PM10_mean,2017-02-16
PM10_mean,2017-02-17
PM10_mean,2017-02-18
PM10_mean,2017-02-19
PM10_mean,2017-02-20
PM10_mean,2017-02-21
PM10_mean,2017-02-22
PM10_mean,2017-02-23
PM10_mean,2017-02-24
PM10_mean,2017-02-25
PM10_mean,2017-02-26
PM10_mean,2017-02-27
PM10_mean,2017-02-28
PM10_mean,2017-03-01
PM10_mean,2017-03-02
PM10_mean,2017-03-03
PM10_mean,2017-03-04
PM10_mean,2017-03-05
PM10_mean,2017-03-06
PM10_mean,2017-03-07
PM10_mean,2017-03-08
PM10_mean,2017-03-09
PM10_mean,2017-03-10
PM10_mean,2017-03-11
PM10_mean,2017-03-12
PM10_mean,2017-03-13
PM10_mean,2017-03-14
PM10_mean,2017-03-15
PM10_mean,2017-03-16
PM10_mean,2017-03-17
PM10_mean,2017-03-18
PM10_mean,2017-03-19
PM10_mean,2017-03-20
PM10_mean,2017-03-21
PM10_mean,2017-03-22
PM10_mean,2017-03-23
PM10_mean,2017-03-24
PM10_mean,2017-03-25
PM10_mean,2017-03-26
PM10_mean,2017-03-27
PM10_mean,2017-03-28
PM10_mean,2017-03-29
PM10_mean,2017-03-30
PM10_mean,2017-03-31
PM10_mean,2017-04-01
PM10_mean,2017-04-02
PM10_mean,2017-04-03
PM10_mean,2017-04-04
PM10_mean,2017-04-05
PM10_mean,2017-04-06
PM10_mean,2017-04-07
PM10_mean,2017-04-08
PM10_mean,2017-04-09
PM10_mean,2017-04-10
PM10_mean,2017-04-11
PM10_mean,2017-04-12
PM10_mean,2017-04-13
PM10_mean,2017-04-14
PM10_mean,2017-04-15
PM10_mean,2017-04-16
PM10_mean,2017-04-17
PM10_mean,2017-04-18
PM10_mean,2017-04-19
PM10_mean,2017-04-20
PM10_mean,2017-04-21
PM10_mean,2017-04-22
PM10_mean,2017-04-23
PM10_mean,2017-04-24
PM10_mean,2017-04-25
PM10_mean,2017-04-26
PM10_mean,2017-04-27
PM10_mean,2017-04-28
PM10_mean,2017-04-29
PM10_mean,2017-04-30
PM10_mean,2017-05-01
PM10_mean,2017-05-02
PM10_mean,2017-05-03
PM10_mean,2017-05-04
PM10_mean,2017-05-05
PM10_mean,2017-05-06
PM10_mean,2017-05-07
PM10_mean,2017-05-08
PM10_mean,2017-05-09
PM10_mean,2017-05-10
PM10_mean,2017-05-11
PM10_mean,2017-05-12
PM10_mean,2017-05-13
PM10_mean,2017-05-14
PM10_mean,2017-05-15
PM10_mean,2017-05-16
PM10_mean,2017-05-17
PM10_mean,2017-05-18
PM10_mean,2017-05-19
PM10_mean,2017-05-20
PM10_mean,2017-05-21
PM10_mean,2017-05-22
PM10_mean,2017-05-23
PM10_mean,2017-05-24
PM10_mean,2017-05-25
PM10_mean,2017-05-26
PM10_mean,2017-05-27
PM10_mean,2017-05-28
PM10_mean,2017-05-29
PM10_mean,2017-05-30
PM10_mean,2017-05-31
PM10_mean,2017-06-01
PM10_mean,2017-06-02
PM10_mean,2017-06-03
PM10_mean,2017-06-04
PM10_mean,2017-06-05
PM10_mean,2017-06-06
PM10_mean,2017-06-07
PM10_mean,2017-06-08
PM10_mean,2017-06-09
PM10_mean,2017-06-10
PM10_mean,2017-06-11
PM10_mean,2017-06-12
PM10_mean,2017-06-13
PM10_mean,2017-06-14
PM10_mean,2017-06-15
PM10_mean,2017-06-16
PM10_mean,2017-06-17
PM10_mean,2017-06-18
PM10_mean,2017-06-19
PM10_mean,2017-06-20
PM10_mean,2017-06-21
PM10_mean,2017-06-22
PM10_mean,2017-06-23
PM10_mean,2017-06-24
PM10_mean,2017-06-25
PM10_mean,2017-06-26
PM10_mean,2017-06-27
PM10_mean,2017-06-28
PM10_mean,2017-06-29
PM10_mean,2017-06-30
PM10_mean,2017-07-01
PM10_mean,2017-07-02
PM10_mean,2017-07-03
PM10_mean,2017-07-04
PM10_mean,2017-07-05
PM10_mean,2017-07-06
PM10_mean,2017-07-07
PM10_mean,2017-07-08
PM10_mean,2017-07-09
PM10_mean,2017-07-10
PM10_mean,2017-07-11
PM10_mean,2017-07-12
PM10_mean,2017-07-13
PM10_mean,2017-07-14
PM10_mean,2017-07-15
PM10_mean,2017-07-16
PM10_mean,2017-07-17
PM10_mean,2017-07-18
PM10_mean,2017-07-19
PM10_mean,2017-07-20
PM10_mean,2017-07-21
PM10_mean,2017-07-22
PM10_mean,2017-07-23
PM10_mean,2017-07-24
PM10_mean,2017-07-25
PM10_mean,2017-07-26
PM10_mean,2017-07-27
PM10_mean,2017-07-28
PM10_mean,2017-07-29
PM10_mean,2017-07-30
PM10_mean,2017-07-31
PM10_mean,2017-08-01
PM10_mean,2017-08-02
PM10_mean,2017-08-03
PM10_mean,2017-08-04
PM10_mean,2017-08-05
PM10_mean,2017-08-06
PM10_mean,2017-08-07
PM10_mean,2017-08-08
PM10_mean,2017-08-09
PM10_mean,2017-08-10
PM10_mean,2017-08-11
PM10_mean,2017-08-12
PM10_mean,2017-08-13
PM10_mean,2017-08-14
PM10_mean,2017-08-15
PM10_mean,2017-08-16
PM10_mean,2017-08-17
PM10_mean,2017-08-18
PM10_mean,2017-08-19
PM10_mean,2017-08-20
PM10_mean,2017-08-21
PM10_mean,2017-08-22
PM10_mean,2017-08-23
PM10_mean,2017-08-24
PM10_mean,2017-08-25
PM10_mean,2017-08-26
PM10_mean,2017-08-27
PM10_mean,2017-08-28
PM10_mean,2017-08-29
PM10_mean,2017-08-30
PM10_mean,2017-08-31
PM10_mean,2017-09-01
PM10_mean,2017-09-02
PM10_mean,2017-09-03
PM10_mean,2017-09-04
PM10_mean,2017-09-05
PM10_mean,2017-09-06
PM10_mean,2017-09-07
PM10_mean,2017-09-08
PM10_mean,2017-09-09
PM10_mean,2017-09-10
PM10_mean,2017-09-11
PM10_mean,2017-09-12
PM10_mean,2017-09-13
PM10_mean,2017-09-14
PM10_mean,2017-09-15
PM10_mean,2017-09-16
PM10_mean,2017-09-17
PM10_mean,2017-09-18
PM10_mean,2017-09-19
PM10_mean,2017-09-20
PM10_mean,2017-09-21
PM10_mean,2017-09-22
PM10_mean,2017-09-23
PM10_mean,2017-09-24
PM10_mean,2017-09-25
PM10_mean,2017-09-26
PM10_mean,2017-09-27
PM10_mean,2017-09-28
PM10_mean,2017-09-29
PM10_mean,2017-09-30
PM10_mean,2017-10-01
PM10_mean,2017-10-02
PM10_mean,2017-10-03
PM10_mean,2017-10-04
PM10_mean,2017-10-05
PM10_mean,2017-10-06
PM10_mean,2017-10-07
PM10_mean,2017-10-08
PM10_mean,2017-10-09
PM10_mean,2017-10-10
PM10_mean,2017-10-11
PM10_mean,2017-10-12
PM10_mean,2017-10-13
PM10_mean,2017-10-14
PM10_mean,2017-10-15
PM10_mean,2017-10-16
PM10_mean,2017-10-17
PM10_mean,2017-10-18
PM10_mean,2017-10-19
PM10_mean,2017-10-20
PM10_mean,2017-10-21
PM10_mean,2017-10-22
PM10_mean,2017-10-23
PM10_mean,2017-10-24
PM10_mean,2017-10-25
PM10_mean,2017-10-26
PM10_mean,2017-10-27
PM10_mean,2017-10-28
PM10_mean,2017-10-29
PM10_mean,2017-10-30
PM10_mean,2017-10-31
PM10_mean,2017-11-01
PM10_mean,2017-11-02
PM10_mean,2017-11-03
PM10_mean,2017-11-04
PM10_mean,2017-11-05
PM10_mean,2017-11-06
PM10_mean,2017-11-07
PM10_mean,2017-11-08
PM10_mean,2017-11-09
PM10_mean,2017-11-10
PM10_mean,2017-11-11
PM10_mean,2017-11-12
PM10_mean,2017-11-13
PM10_mean,2017-11-14
PM10_mean,2017-11-15
PM10_mean,2017-11-16
PM10_mean,2017-11-17
PM10_mean,2017-11-18
PM10_mean,2017-11-19
PM10_mean,2017-11-20
PM10_mean,2017-11-21
PM10_mean,2017-11-22
PM10_mean,2017-11-23
PM10_mean,2017-11-24
PM10_mean,2017-11-25
PM10_mean,2017-11-26
PM10_mean,2017-11-27
PM10_mean,2017-11-28
PM10_mean,2017-11-29
PM10_mean,2017-11-30
PM10_mean,2017-12-01
PM10_mean,2017-12-02
PM10_mean,2017-12-03
PM10_mean,2017-12-04
PM10_mean,2017-12-05
PM10_mean,2017-12-06
PM10_mean,2017-12-07
PM10_mean,2017-12-08
PM10_mean,2017-12-09
PM10_mean,2017-12-10
PM10_mean,2017-12-11
PM10_mean,2017-12-12
PM10_mean,2017-12-13
PM10_mean,2017-12-14
PM10_mean,2017-12-15
PM10_mean,2017-12-16
PM10_mean,2017-12-17
PM10_mean,2017-12-18
PM10_mean,2017-12-19
PM10_mean,2017-12-20
PM10_mean,2017-12-21
PM10_mean,2017-12-22
PM10_mean,2017-12-23
PM10_mean,2017-12-24
PM10_mean,2017-12-25
PM10_mean,2017-12-26
PM10_mean,2017-12-27
PM10_mean,2017-12-28
PM10_mean,2017-12-29
PM10_mean,2017-12-30
PM10_mean,2017-12-31
PM10_mean,2018-01-01
PM10_mean,2018-01-02
PM10_mean,2018-01-03
PM10_mean,2018-01-04
PM10_mean,2018-01-05
PM10_mean,2018-01-06
PM10_mean,2018-01-07
PM10_mean,2018-01-08
PM10_mean,2018-01-09
PM10_mean,2018-01-10
PM10_mean,2018-01-11
PM10_mean,2018-01-12
PM10_mean,2018-01-13
PM10_mean,2018-01-14
PM10_mean,2018-01-15
PM10_mean,2018-01-16
PM10_mean,2018-01-17
PM10_mean,2018-01-18
PM10_mean,2018-01-19
PM10_mean,2018-01-20
PM10_mean,2018-01-21
PM10_mean,2018-01-22
PM10_mean,2018-01-23
PM10_mean,2018-01-24
PM10_mean,2018-01-25
PM10_mean,2018-01-26
PM10_mean,2018-01-27
PM10_mean,2018-01-28
PM10_mean,2018-01-29
PM10_mean,2018-01-30
PM10_mean,2018-01-31
PM10_mean,2018-02-01
PM10_mean,2018-02-02
PM10_mean,2018-02-03
PM10_mean,2018-02-04
PM10_mean,2018-02-05
PM10_mean,2018-02-06
PM10_mean,2018-02-07
PM10_mean,2018-02-08
PM10_mean,2018-02-09
PM10_mean,2018-02-10
PM10_mean,2018-02-11
PM10_mean,2018-02-12
PM10_mean,2018-02-13
PM10_mean,2018-02-14
PM10_mean,2018-02-15
PM10_mean,2018-02-16
PM10_mean,2018-02-17
PM10_mean,2018-02-18
PM10_mean,2018-02-19
PM10_mean,2018-02-20
PM10_mean,2018-02-21
PM10_mean,2018-02-22
PM10_mean,2018-02-23
PM10_mean,2018-02-24
PM10_mean,2018-02-25
PM10_mean,2018-02-26
PM10_mean,2018-02-27
PM10_mean,2018-02-28
PM10_mean,2018-03-01
PM10_mean,2018-03-02
PM10_mean,2018-03-03
PM10_mean,2018-03-04
PM10_mean,2018-03-05
PM10_mean,2018-03-06
PM10_mean,2018-03-07
PM10_mean,2018-03-08
PM10_mean,2018-03-09
PM10_mean,2018-03-10
PM10_mean,2018-03-11
PM10_mean,2018-03-12
PM10_mean,2018-03-13
PM10_mean,2018-03-14
PM10_mean,2018-03-15
PM10_mean,2018-03-16
PM10_mean,2018-03-17
PM10_mean,2018-03-18
PM10_mean,2018-03-19
PM10_mean,2018-03-20
PM10_mean,2018-03-21
PM10_mean,2018-03-22
PM10_mean,2018-03-23
PM10_mean,2018-03-24
PM10_mean,2018-03-25
PM10_mean,2018-03-26
PM10_mean,2018-03-27
PM10_mean,2018-03-28
PM10_mean,2018-03-29
PM10_mean,2018-03-30
PM10_mean,2018-03-31
PM10_mean,2018-04-01
PM10_mean,2018-04-02
PM10_mean,2018-04-03
PM10_mean,2018-04-04
PM10_mean,2018-04-05
PM10_mean,2018-04-06
PM10_mean,2018-04-07
PM10_mean,2018-04-08
PM10_mean,2018-04-09
PM10_mean,2018-04-10
PM10_mean,2018-04-11
PM10_mean,2018-04-12
PM10_mean,2018-04-13
PM10_mean,2018-04-14
PM10_mean,2018-04-15
PM10_mean,2018-04-16
PM10_mean,2018-04-17
PM10_mean,2018-04-18
PM10_mean,2018-04-19
PM10_mean,2018-04-20
PM10_mean,2018-04-21
PM10_mean,2018-04-22
PM10_mean,2018-04-23
PM10_mean,2018-04-24
PM10_mean,2018-04-25
PM10_mean,2018-04-26
PM10_mean,2018-04-27
PM10_mean,2018-04-28
PM10_mean,2018-04-29
PM10_mean,2018-04-30
PM10_mean,2018-05-01
PM10_mean,2018-05-02
PM10_mean,2018-05-03
PM10_mean,2018-05-04
PM10_mean,2018-05-05
PM10_mean,2018-05-06
PM10_mean,2018-05-07
PM10_mean,2018-05-08
PM10_mean,2018-05-09
PM10_mean,2018-05-10
PM10_mean,2018-05-11
PM10_mean,2018-05-12
PM10_mean,2018-05-13
PM10_mean,2018-05-14
PM10_mean,2018-05-15
PM10_mean,2018-05-16
PM10_mean,2018-05-17
PM10_mean,2018-05-18
PM10_mean,2018-05-19
PM10_mean,2018-05-20
PM10_mean,2018-05-21
PM10_mean,2018-05-22
PM10_mean,2018-05-23
PM10_mean,2018-05-24
PM10_mean,2018-05-25
PM10_mean,2018-05-26
PM10_mean,2018-05-27
PM10_mean,2018-05-28
PM10_mean,2018-05-29
PM10_mean,2018-05-30
PM10_mean,2018-05-31
PM10_mean,2018-06-01
PM10_mean,2018-06-02
PM10_mean,2018-06-03
PM10_mean,2018-06-04
PM10_mean,2018-06-05
PM10_mean,2018-06-06
PM10_mean,2018-06-07
PM10_mean,2018-06-08
PM10_mean,2018-06-09
PM10_mean,2018-06-10
PM10_mean,2018-06-11
PM10_mean,2018-06-12
PM10_mean,2018-06-13
PM10_mean,2018-06-14
PM10_mean,2018-06-15
PM10_mean,2018-06-16
PM10_mean,2018-06-17
PM10_mean,2018-06-18
PM10_mean,2018-06-19
PM10_mean,2018-06-20
PM10_mean,2018-06-21
PM10_mean,2018-06-22
PM10_mean,2018-06-23
PM10_mean,2018-06-24
PM10_mean,2018-06-25
PM10_mean,2018-06-26
PM10_mean,2018-06-27
PM10_mean,2018-06-28
PM10_mean,2018-06-29
PM10_mean,2018-06-30
PM10_mean,2018-07-01
PM10_mean,2018-07-02
PM10_mean,2018-07-03
PM10_mean,2018-07-04
PM10_mean,2018-07-05
PM10_mean,2018-07-06
PM10_mean,2018-07-07
PM10_mean,2018-07-08
PM10_mean,2018-07-09
PM10_mean,2018-07-10
PM10_mean,2018-07-11
PM10_mean,2018-07-12
PM10_mean,2018-07-13
PM10_mean,2018-07-14
PM10_mean,2018-07-15
PM10_mean,2018-07-16
PM10_mean,2018-07-17
PM10_mean,2018-07-18
PM10_mean,2018-07-19
PM10_mean,2018-07-20
PM10_mean,2018-07-21
PM10_mean,2018-07-22
PM10_mean,2018-07-23
PM10_mean,2018-07-24
PM10_mean,2018-07-25
PM10_mean,2018-07-26
PM10_mean,2018-07-27
PM10_mean,2018-07-28
PM10_mean,2018-07-29
PM10_mean,2018-07-30
PM10_mean,2018-07-31
PM10_mean,2018-08-01
PM10_mean,2018-08-02
PM10_mean,2018-08-03
PM10_mean,2018-08-04
PM10_mean,2018-08-05
PM10_mean,2018-08-06
PM10_mean,2018-08-07
PM10_mean,2018-08-08
PM10_mean,2018-08-09
PM10_mean,2018-08-10
PM10_mean,2018-08-11
PM10_mean,2018-08-12
PM10_mean,2018-08-13
PM10_mean,2018-08-14
PM10_mean,2018-08-15
PM10_mean,2018-08-16
PM10_mean,2018-08-17
PM10_mean,2018-08-18
PM10_mean,2018-08-19
PM10_mean,2018-08-20
PM10_mean,2018-08-21
PM10_mean,2018-08-22
PM10_mean,2018-08-23
PM10_mean,2018-08-24
PM10_mean,2018-08-25
PM10_mean,2018-08-26
PM10_mean,2018-08-27
PM10_mean,2018-08-28
PM10_mean,2018-08-29
PM10_mean,2018-08-30
PM10_mean,2018-08-31
PM10_mean,2018-09-01
PM10_mean,2018-09-02
PM10_mean,2018-09-03
PM10_mean,2018-09-04
PM10_mean,2018-09-05
PM10_mean,2018-09-06
PM10_mean,2018-09-07
PM10_mean,2018-09-08
PM10_mean,2018-09-09
PM10_mean,2018-09-10
PM10_mean,2018-09-11
PM10_mean,2018-09-12
PM10_mean,2018-09-13
PM10_mean,2018-09-14
PM10_mean,2018-09-15
PM10_mean,2018-09-16
PM10_mean,2018-09-17
PM10_mean,2018-09-18
PM10_mean,2018-09-19
PM10_mean,2018-09-20
PM10_mean,2018-09-21
PM10_mean,2018-09-22
PM10_mean,2018-09-23
PM10_mean,2018-09-24
PM10_mean,2018-09-25
PM10_mean,2018-09-26
PM10_mean,2018-09-27
PM10_mean,2018-09-28
PM10_mean,2018-09-29
PM10_mean,2018-09-30
PM10_mean,2018-10-01
PM10_mean,2018-10-02
PM10_mean,2018-10-03
PM10_mean,2018-10-04
PM10_mean,2018-10-05
PM10_mean,2018-10-06
PM10_mean,2018-10-07
PM10_mean,2018-10-08
PM10_mean,2018-10-09
PM10_mean,2018-10-10
PM10_mean,2018-10-11
PM10_mean,2018-10-12
PM10_mean,2018-10-13
PM10_mean,2018-10-14
PM10_mean,2018-10-15
PM10_mean,2018-10-16
PM10_mean,2018-10-17
PM10_mean,2018-10-18
PM10_mean,2018-10-19
PM10_mean,2018-10-20
PM10_mean,2018-10-21
PM10_mean,2018-10-22
PM10_mean,2018-10-23
PM10_mean,2018-10-24
PM10_mean,2018-10-25
PM10_mean,2018-10-26
PM10_mean,2018-10-27
PM10_mean,2018-10-28
PM10_mean,2018-10-29
PM10_mean,2018-10-30
PM10_mean,2018-10-31
PM10_mean,2018-11-01
PM10_mean,2018-11-02
PM10_mean,2018-11-03
PM10_mean,2018-11-04
PM10_mean,2018-11-05
PM10_mean,2018-11-06
PM10_mean,2018-11-07
PM10_mean,2018-11-08
PM10_mean,2018-11-09
PM10_mean,2018-11-10
PM10_mean,2018-11-11
PM10_mean,2018-11-12
PM10_mean,2018-11-13
PM10_mean,2018-11-14
PM10_mean,2018-11-15
PM10_mean,2018-11-16
PM10_mean,2018-11-17
PM10_mean,2018-11-18
PM10_mean,2018-11-19
PM10_mean,2018-11-20
PM10_mean,2018-11-21
PM10_mean,2018-11-22
PM10_mean,2018-11-23
PM10_mean,2018-11-24
PM10_mean,2018-11-25
PM10_mean,2018-11-26
PM10_mean,2018-11-27
PM10_mean,2018-11-28
PM10_mean,2018-11-29
PM10_mean,2018-11-30
PM10_mean,2018-12-01
PM10_mean,2018-12-02
PM10_mean,2018-12-03
PM10_mean,2018-12-04
PM10_mean,2018-12-05
PM10_mean,2018-12-06
PM10_mean,2018-12-07
PM10_mean,2018-12-08
PM10_mean,2018-12-09
PM10_mean,2018-12-10
PM10_mean,2018-12-11
PM10_mean,2018-12-12
PM10_mean,2018-12-13
PM10_mean,2018-12-14
PM10_mean,2018-12-15
PM10_mean,2018-12-16
PM10_mean,2018-12-17
PM10_mean,2018-12-18
PM10_mean,2018-12-19
PM10_mean,2018-12-20
PM10_mean,2018-12-21
PM10_mean,2018-12-22
PM10_mean,2018-12-23
PM10_mean,2018-12-24
PM10_mean,2018-12-25
PM10_mean,2018-12-26
PM10_mean,2018-12-27
PM10_mean,2018-12-28
PM10_mean,2018-12-29
PM10_mean,2018-12-30
PM10_mean,2018-12-31
PM2.5_max,2017-01-01
PM2.5_max,2017-01-02
PM2.5_max,2017-01-03
PM2.5_max,2017-01-04
PM2.5_max,2017-01-05
PM2.5_max,2017-01-06
PM2.5_max,2017-01-07
PM2.5_max,2017-01-08
PM2.5_max,2017-01-09
PM2.5_max,2017-01-10
PM2.5_max,2017-01-11
PM2.5_max,2017-01-12
PM2.5_max,2017-01-13
PM2.5_max,2017-01-14
PM2.5_max,2017-01-15
PM2.5_max,2017-01-16
PM2.5_max,2017-01-17
PM2.5_max,2017-01-18
PM2.5_max,2017-01-19
PM2.5_max,2017-01-20
PM2.5_max,2017-01-21
PM2.5_max,2017-01-22
PM2.5_max,2017-01-23
PM2.5_max,2017-01-24
PM2.5_max,2017-01-25
PM2.5_max,2017-01-26
PM2.5_max,2017-01-27
PM2.5_max,2017-01-28
PM2.5_max,2017-01-29
PM2.5_max,2017-01-30
PM2.5_max,2017-01-31
PM2.5_max,2017-02-01
PM2.5_max,2017-02-02
PM2.5_max,2017-02-03
PM2.5_max,2017-02-04
PM2.5_max,2017-02-05
PM2.5_max,2017-02-06
PM2.5_max,2017-02-07
PM2.5_max,2017-02-08
PM2.5_max,2017-02-09
PM2.5_max,2017-02-10
PM2.5_max,2017-02-11
PM2.5_max,2017-02-12
PM2.5_max,2017-02-13
PM2.5_max,2017-02-14
PM2.5_max,2017-02-15
PM2.5_max,2017-02-16
PM2.5_max,2017-02-17
PM2.5_max,2017-02-18
PM2.5_max,2017-02-19
PM2.5_max,2017-02-20
PM2.5_max,2017-02-21
PM2.5_max,2017-02-22
PM2.5_max,2017-02-23
PM2.5_max,2017-02-24
PM2.5_max,2017-02-25
PM2.5_max,2017-02-26
PM2.5_max,2017-02-27
PM2.5_max,2017-02-28
PM2.5_max,2017-03-01
PM2.5_max,2017-03-02
PM2.5_max,2017-03-03
PM2.5_max,2017-03-04
PM2.5_max,2017-03-05
PM2.5_max,2017-03-06
PM2.5_max,2017-03-07
PM2.5_max,2017-03-08
PM2.5_max,2017-03-09
PM2.5_max,2017-03-10
PM2.5_max,2017-03-11
PM2.5_max,2017-03-12
PM2.5_max,2017-03-13
PM2.5_max,2017-03-14
PM2.5_max,2017-03-15
PM2.5_max,2017-03-16
PM2.5_max,2017-03-17
PM2.5_max,2017-03-18
PM2.5_max,2017-03-19
PM2.5_max,2017-03-20
PM2.5_max,2017-03-21
PM2.5_max,2017-03-22
PM2.5_max,2017-03-23
PM2.5_max,2017-03-24
PM2.5_max,2017-03-25
PM2.5_max,2017-03-26
PM2.5_max,2017-03-27
PM2.5_max,2017-03-28
PM2.5_max,2017-03-29
PM2.5_max,2017-03-30
PM2.5_max,2017-03-31
PM2.5_max,2017-04-01
PM2.5_max,2017-04-02
PM2.5_max,2017-04-03
PM2.5_max,2017-04-04
PM2.5_max,2017-04-05
PM2.5_max,2017-04-06
PM2.5_max,2017-04-07
PM2.5_max,2017-04-08
PM2.5_max,2017-04-09
PM2.5_max,2017-04-10
PM2.5_max,2017-04-11
PM2.5_max,2017-04-12
PM2.5_max,2017-04-13
PM2.5_max,2017-04-14
PM2.5_max,2017-04-15
PM2.5_max,2017-04-16
PM2.5_max,2017-04-17
PM2.5_max,2017-04-18
PM2.5_max,2017-04-19
PM2.5_max,2017-04-20
PM2.5_max,2017-04-21
PM2.5_max,2017-04-22
PM2.5_max,2017-04-23
PM2.5_max,2017-04-24
PM2.5_max,2017-04-25
PM2.5_max,2017-04-26
PM2.5_max,2017-04-27
PM2.5_max,2017-04-28
PM2.5_max,2017-04-29
PM2.5_max,2017-04-30
PM2.5_max,2017-05-01
PM2.5_max,2017-05-02
PM2.5_max,2017-05-03
PM2.5_max,2017-05-04
PM2.5_max,2017-05-05
PM2.5_max,2017-05-06
PM2.5_max,2017-05-07
PM2.5_max,2017-05-08
PM2.5_max,2017-05-09
PM2.5_max,2017-05-10
PM2.5_max,2017-05-11
PM2.5_max,2017-05-12
PM2.5_max,2017-05-13
PM2.5_max,2017-05-14
PM2.5_max,2017-05-15
PM2.5_max,2017-05-16
PM2.5_max,2017-05-17
PM2.5_max,2017-05-18
PM2.5_max,2017-05-19
PM2.5_max,2017-05-20
PM2.5_max,2017-05-21
PM2.5_max,2017-05-22
PM2.5_max,2017-05-23
PM2.5_max,2017-05-24
PM2.5_max,2017-05-25
PM2.5_max,2017-05-26
PM2.5_max,2017-05-27
PM2.5_max,2017-05-28
PM2.5_max,2017-05-29
PM2.5_max,2017-05-30
PM2.5_max,2017-05-31
PM2.5_max,2017-06-01
PM2.5_max,2017-06-02
PM2.5_max,2017-06-03
PM2.5_max,2017-06-04
PM2.5_max,2017-06-05
PM2.5_max,2017-06-06
PM2.5_max,2017-06-07
PM2.5_max,2017-06-08
PM2.5_max,2017-06-09
PM2.5_max,2017-06-10
PM2.5_max,2017-06-11
PM2.5_max,2017-06-12
PM2.5_max,2017-06-13
PM2.5_max,2017-06-14
PM2.5_max,2017-06-15
PM2.5_max,2017-06-16
PM2.5_max,2017-06-17
PM2.5_max,2017-06-18
PM2.5_max,2017-06-19
PM2.5_max,2017-06-20
PM2.5_max,2017-06-21
PM2.5_max,2017-06-22
PM2.5_max,2017-06-23
PM2.5_max,2017-06-24
PM2.5_max,2017-06-25
PM2.5_max,2017-06-26
PM2.5_max,2017-06-27
PM2.5_max,2017-06-28
PM2.5_max,2017-06-29
PM2.5_max,2017-06-30
PM2.5_max,2017-07-01
PM2.5_max,2017-07-02
PM2.5_max,2017-07-03
PM2.5_max,2017-07-04
PM2.5_max,2017-07-05
PM2.5_max,2017-07-06
PM2.5_max,2017-07-07
PM2.5_max,2017-07-08
PM2.5_max,2017-07-09
PM2.5_max,2017-07-10
PM2.5_max,2017-07-11
PM2.5_max,2017-07-12
PM2.5_max,2017-07-13
PM2.5_max,2017-07-14
PM2.5_max,2017-07-15
PM2.5_max,2017-07-16
PM2.5_max,2017-07-17
PM2.5_max,2017-07-18
PM2.5_max,2017-07-19
PM2.5_max,2017-07-20
PM2.5_max,2017-07-21
PM2.5_max,2017-07-22
PM2.5_max,2017-07-23
PM2.5_max,2017-07-24
PM2.5_max,2017-07-25
PM2.5_max,2017-07-26
PM2.5_max,2017-07-27
PM2.5_max,2017-07-28
PM2.5_max,2017-07-29
PM2.5_max,2017-07-30
PM2.5_max,2017-07-31
PM2.5_max,2017-08-01
PM2.5_max,2017-08-02
PM2.5_max,2017-08-03
PM2.5_max,2017-08-04
PM2.5_max,2017-08-05
PM2.5_max,2017-08-06
PM2.5_max,2017-08-07
PM2.5_max,2017-08-08
PM2.5_max,2017-08-09
PM2.5_max,2017-08-10
PM2.5_max,2017-08-11
PM2.5_max,2017-08-12
PM2.5_max,2017-08-13
PM2.5_max,2017-08-14
PM2.5_max,2017-08-15
PM2.5_max,2017-08-16
PM2.5_max,2017-08-17
PM2.5_max,2017-08-18
PM2.5_max,2017-08-19
PM2.5_max,2017-08-20
PM2.5_max,2017-08-21
PM2.5_max,2017-08-22
PM2.5_max,2017-08-23
PM2.5_max,2017-08-24
PM2.5_max,2017-08-25
PM2.5_max,2017-08-26
PM2.5_max,2017-08-27
PM2.5_max,2017-08-28
PM2.5_max,2017-08-29
PM2.5_max,2017-08-30
PM2.5_max,2017-08-31
PM2.5_max,2017-09-01
PM2.5_max,2017-09-02
PM2.5_max,2017-09-03
PM2.5_max,2017-09-04
PM2.5_max,2017-09-05
PM2.5_max,2017-09-06
PM2.5_max,2017-09-07
PM2.5_max,2017-09-08
PM2.5_max,2017-09-09
PM2.5_max,2017-09-10
PM2.5_max,2017-09-11
PM2.5_max,2017-09-12
PM2.5_max,2017-09-13
PM2.5_max,2017-09-14
PM2.5_max,2017-09-15
PM2.5_max,2017-09-16
PM2.5_max,2017-09-17
PM2.5_max,2017-09-18
PM2.5_max,2017-09-19
PM2.5_max,2017-09-20
PM2.5_max,2017-09-21
PM2.5_max,2017-09-22
PM2.5_max,2017-09-23
PM2.5_max,2017-09-24
PM2.5_max,2017-09-25
PM2.5_max,2017-09-26
PM2.5_max,2017-09-27
PM2.5_max,2017-09-28
PM2.5_max,2017-09-29
PM2.5_max,2017-09-30
PM2.5_max,2017-10-01
PM2.5_max,2017-10-02
PM2.5_max,2017-10-03
PM2.5_max,2017-10-04
PM2.5_max,2017-10-05
PM2.5_max,2017-10-06
PM2.5_max,2017-10-07
PM2.5_max,2017-10-08
PM2.5_max,2017-10-09
PM2.5_max,2017-10-10
PM2.5_max,2017-10-11
PM2.5_max,2017-10-12
PM2.5_max,2017-10-13
PM2.5_max,2017-10-14
PM2.5_max,2017-10-15
PM2.5_max,2017-10-16
PM2.5_max,2017-10-17
PM2.5_max,2017-10-18
PM2.5_max,2017-10-19
PM2.5_max,2017-10-20
PM2.5_max,2017-10-21
PM2.5_max,2017-10-22
PM2.5_max,2017-10-23
PM2.5_max,2017-10-24
PM2.5_max,2017-10-25
PM2.5_max,2017-10-26
PM2.5_max,2017-10-27
PM2.5_max,2017-10-28
PM2.5_max,2017-10-29
PM2.5_max,2017-10-30
PM2.5_max,2017-10-31
PM2.5_max,2017-11-01
PM2.5_max,2017-11-02
PM2.5_max,2017-11-03
PM2.5_max,2017-11-04
PM2.5_max,2017-11-05
PM2.5_max,2017-11-06
PM2.5_max,2017-11-07
PM2.5_max,2017-11-08
PM2.5_max,2017-11-09
PM2.5_max,2017-11-10
PM2.5_max,2017-11-11
PM2.5_max,2017-11-12
PM2.5_max,2017-11-13
PM2.5_max,2017-11-14
PM2.5_max,2017-11-15
PM2.5_max,2017-11-16
PM2.5_max,2017-11-17
PM2.5_max,2017-11-18
PM2.5_max,2017-11-19
PM2.5_max,2017-11-20
PM2.5_max,2017-11-21
PM2.5_max,2017-11-22
PM2.5_max,2017-11-23
PM2.5_max,2017-11-24
PM2.5_max,2017-11-25
PM2.5_max,2017-11-26
PM2.5_max,2017-11-27
PM2.5_max,2017-11-28
PM2.5_max,2017-11-29
PM2.5_max,2017-11-30
PM2.5_max,2017-12-01
PM2.5_max,2017-12-02
PM2.5_max,2017-12-03
PM2.5_max,2017-12-04
PM2.5_max,2017-12-05
PM2.5_max,2017-12-06
PM2.5_max,2017-12-07
PM2.5_max,2017-12-08
PM2.5_max,2017-12-09
PM2.5_max,2017-12-10
PM2.5_max,2017-12-11
PM2.5_max,2017-12-12
PM2.5_max,2017-12-13
PM2.5_max,2017-12-14
PM2.5_max,2017-12-15
PM2.5_max,2017-12-16
PM2.5_max,2017-12-17
PM2.5_max,2017-12-18
PM2.5_max,2017-12-19
PM2.5_max,2017-12-20
PM2.5_max,2017-12-21
PM2.5_max,2017-12-22
PM2.5_max,2017-12-23
PM2.5_max,2017-12-24
PM2.5_max,2017-12-25
PM2.5_max,2017-12-26
PM2.5_max,2017-12-27
PM2.5_max,2017-12-28
PM2.5_max,2017-12-29
PM2.5_max,2017-12-30
PM2.5_max,2017-12-31
PM2.5_max,2018-01-01
PM2.5_max,2018-01-02
PM2.5_max,2018-01-03
PM2.5_max,2018-01-04
PM2.5_max,2018-01-05
PM2.5_max,2018-01-06
PM2.5_max,2018-01-07
PM2.5_max,2018-01-08
PM2.5_max,2018-01-09
PM2.5_max,2018-01-10
PM2.5_max,2018-01-11
PM2.5_max,2018-01-12
PM2.5_max,2018-01-13
PM2.5_max,2018-01-14
PM2.5_max,2018-01-15
PM2.5_max,2018-01-16
PM2.5_max,2018-01-17
PM2.5_max,2018-01-18
PM2.5_max,2018-01-19
PM2.5_max,2018-01-20
PM2.5_max,2018-01-21
PM2.5_max,2018-01-22
PM2.5_max,2018-01-23
PM2.5_max,2018-01-24
PM2.5_max,2018-01-25
PM2.5_max,2018-01-26
PM2.5_max,2018-01-27
PM2.5_max,2018-01-28
PM2.5_max,2018-01-29
PM2.5_max,2018-01-30
PM2.5_max,2018-01-31
PM2.5_max,2018-02-01
PM2.5_max,2018-02-02
PM2.5_max,2018-02-03
PM2.5_max,2018-02-04
PM2.5_max,2018-02-05
PM2.5_max,2018-02-06
PM2.5_max,2018-02-07
PM2.5_max,2018-02-08
PM2.5_max,2018-02-09
PM2.5_max,2018-02-10
PM2.5_max,2018-02-11
PM2.5_max,2018-02-12
PM2.5_max,2018-02-13
PM2.5_max,2018-02-14
PM2.5_max,2018-02-15
PM2.5_max,2018-02-16
PM2.5_max,2018-02-17
PM2.5_max,2018-02-18
PM2.5_max,2018-02-19
PM2.5_max,2018-02-20
PM2.5_max,2018-02-21
PM2.5_max,2018-02-22
PM2.5_max,2018-02-23
PM2.5_max,2018-02-24
PM2.5_max,2018-02-25
PM2.5_max,2018-02-26
PM2.5_max,2018-02-27
PM2.5_max,2018-02-28
PM2.5_max,2018-03-01
PM2.5_max,2018-03-02
PM2.5_max,2018-03-03
PM2.5_max,2018-03-04
PM2.5_max,2018-03-05
PM2.5_max,2018-03-06
PM2.5_max,2018-03-07
PM2.5_max,2018-03-08
PM2.5_max,2018-03-09
PM2.5_max,2018-03-10
PM2.5_max,2018-03-11
PM2.5_max,2018-03-12
PM2.5_max,2018-03-13
PM2.5_max,2018-03-14
PM2.5_max,2018-03-15
PM2.5_max,2018-03-16
PM2.5_max,2018-03-17
PM2.5_max,2018-03-18
PM2.5_max,2018-03-19
PM2.5_max,2018-03-20
PM2.5_max,2018-03-21
PM2.5_max,2018-03-22
PM2.5_max,2018-03-23
PM2.5_max,2018-03-24
PM2.5_max,2018-03-25
PM2.5_max,2018-03-26
PM2.5_max,2018-03-27
PM2.5_max,2018-03-28
PM2.5_max,2018-03-29
PM2.5_max,2018-03-30
PM2.5_max,2018-03-31
PM2.5_max,2018-04-01
PM2.5_max,2018-04-02
PM2.5_max,2018-04-03
PM2.5_max,2018-04-04
PM2.5_max,2018-04-05
PM2.5_max,2018-04-06
PM2.5_max,2018-04-07
PM2.5_max,2018-04-08
PM2.5_max,2018-04-09
PM2.5_max,2018-04-10
PM2.5_max,2018-04-11
PM2.5_max,2018-04-12
PM2.5_max,2018-04-13
PM2.5_max,2018-04-14
PM2.5_max,2018-04-15
PM2.5_max,2018-04-16
PM2.5_max,2018-04-17
PM2.5_max,2018-04-18
PM2.5_max,2018-04-19
PM2.5_max,2018-04-20
PM2.5_max,2018-04-21
PM2.5_max,2018-04-22
PM2.5_max,2018-04-23
PM2.5_max,2018-04-24
PM2.5_max,2018-04-25
PM2.5_max,2018-04-26
PM2.5_max,2018-04-27
PM2.5_max,2018-04-28
PM2.5_max,2018-04-29
PM2.5_max,2018-04-30
PM2.5_max,2018-05-01
PM2.5_max,2018-05-02
PM2.5_max,2018-05-03
PM2.5_max,2018-05-04
PM2.5_max,2018-05-05
PM2.5_max,2018-05-06
PM2.5_max,2018-05-07
PM2.5_max,2018-05-08
PM2.5_max,2018-05-09
PM2.5_max,2018-05-10
PM2.5_max,2018-05-11
PM2.5_max,2018-05-12
PM2.5_max,2018-05-13
PM2.5_max,2018-05-14
PM2.5_max,2018-05-15
PM2.5_max,2018-05-16
PM2.5_max,2018-05-17
PM2.5_max,2018-05-18
PM2.5_max,2018-05-19
PM2.5_max,2018-05-20
PM2.5_max,2018-05-21
PM2.5_max,2018-05-22
PM2.5_max,2018-05-23
PM2.5_max,2018-05-24
PM2.5_max,2018-05-25
PM2.5_max,2018-05-26
PM2.5_max,2018-05-27
PM2.5_max,2018-05-28
PM2.5_max,2018-05-29
PM2.5_max,2018-05-30
PM2.5_max,2018-05-31
PM2.5_max,2018-06-01
PM2.5_max,2018-06-02
PM2.5_max,2018-06-03
PM2.5_max,2018-06-04
PM2.5_max,2018-06-05
PM2.5_max,2018-06-06
PM2.5_max,2018-06-07
PM2.5_max,2018-06-08
PM2.5_max,2018-06-09
PM2.5_max,2018-06-10
PM2.5_max,2018-06-11
PM2.5_max,2018-06-12
PM2.5_max,2018-06-13
PM2.5_max,2018-06-14
PM2.5_max,2018-06-15
PM2.5_max,2018-06-16
PM2.5_max,2018-06-17
PM2.5_max,2018-06-18
PM2.5_max,2018-06-19
PM2.5_max,2018-06-20
PM2.5_max,2018-06-21
PM2.5_max,2018-06-22
PM2.5_max,2018-06-23
PM2.5_max,2018-06-24
PM2.5_max,2018-06-25
PM2.5_max,2018-06-26
PM2.5_max,2018-06-27
PM2.5_max,2018-06-28
PM2.5_max,2018-06-29
PM2.5_max,2018-06-30
PM2.5_max,2018-07-01
PM2.5_max,2018-07-02
PM2.5_max,2018-07-03
PM2.5_max,2018-07-04
PM2.5_max,2018-07-05
PM2.5_max,2018-07-06
PM2.5_max,2018-07-07
PM2.5_max,2018-07-08
PM2.5_max,2018-07-09
PM2.5_max,2018-07-10
PM2.5_max,2018-07-11
PM2.5_max,2018-07-12
PM2.5_max,2018-07-13
PM2.5_max,2018-07-14
PM2.5_max,2018-07-15
PM2.5_max,2018-07-16
PM2.5_max,2018-07-17
PM2.5_max,2018-07-18
PM2.5_max,2018-07-19
PM2.5_max,2018-07-20
PM2.5_max,2018-07-21
PM2.5_max,2018-07-22
PM2.5_max,2018-07-23
PM2.5_max,2018-07-24
PM2.5_max,2018-07-25
PM2.5_max,2018-07-26
PM2.5_max,2018-07-27
PM2.5_max,2018-07-28
PM2.5_max,2018-07-29
PM2.5_max,2018-07-30
PM2.5_max,2018-07-31
PM2.5_max,2018-08-01
PM2.5_max,2018-08-02
PM2.5_max,2018-08-03
PM2.5_max,2018-08-04
PM2.5_max,2018-08-05
PM2.5_max,2018-08-06
PM2.5_max,2018-08-07
PM2.5_max,2018-08-08
PM2.5_max,2018-08-09
PM2.5_max,2018-08-10
PM2.5_max,2018-08-11
PM2.5_max,2018-08-12
PM2.5_max,2018-08-13
PM2.5_max,2018-08-14
PM2.5_max,2018-08-15
PM2.5_max,2018-08-16
PM2.5_max,2018-08-17
PM2.5_max,2018-08-18
PM2.5_max,2018-08-19
PM2.5_max,2018-08-20
PM2.5_max,2018-08-21
PM2.5_max,2018-08-22
PM2.5_max,2018-08-23
PM2.5_max,2018-08-24
PM2.5_max,2018-08-25
PM2.5_max,2018-08-26
PM2.5_max,2018-08-27
PM2.5_max,2018-08-28
PM2.5_max,2018-08-29
PM2.5_max,2018-08-30
PM2.5_max,2018-08-31
PM2.5_max,2018-09-01
PM2.5_max,2018-09-02
PM2.5_max,2018-09-03
PM2.5_max,2018-09-04
PM2.5_max,2018-09-05
PM2.5_max,2018-09-06
PM2.5_max,2018-09-07
PM2.5_max,2018-09-08
PM2.5_max,2018-09-09
PM2.5_max,2018-09-10
PM2.5_max,2018-09-11
PM2.5_max,2018-09-12
PM2.5_max,2018-09-13
PM2.5_max,2018-09-14
PM2.5_max,2018-09-15
PM2.5_max,2018-09-16
PM2.5_max,2018-09-17
PM2.5_max,2018-09-18
PM2.5_max,2018-09-19
PM2.5_max,2018-09-20
PM2.5_max,2018-09-21
PM2.5_max,2018-09-22
PM2.5_max,2018-09-23
PM2.5_max,2018-09-24
PM2.5_max,2018-09-25
PM2.5_max,2018-09-26
PM2.5_max,2018-09-27
PM2.5_max,2018-09-28
PM2.5_max,2018-09-29
PM2.5_max,2018-09-30
PM2.5_max,2018-10-01
PM2.5_max,2018-10-02
PM2.5_max,2018-10-03
PM2.5_max,2018-10-04
PM2.5_max,2018-10-05
PM2.5_max,2018-10-06
PM2.5_max,2018-10-07
PM2.5_max,2018-10-08
PM2.5_max,2018-10-09
PM2.5_max,2018-10-10
PM2.5_max,2018-10-11
PM2.5_max,2018-10-12
PM2.5_max,2018-10-13
PM2.5_max,2018-10-14
PM2.5_max,2018-10-15
PM2.5_max,2018-10-16
PM2.5_max,2018-10-17
PM2.5_max,2018-10-18
PM2.5_max,2018-10-19
PM2.5_max,2018-10-20
PM2.5_max,2018-10-21
PM2.5_max,2018-10-22
PM2.5_max,2018-10-23
PM2.5_max,2018-10-24
PM2.5_max,2018-10-25
PM2.5_max,2018-10-26
PM2.5_max,2018-10-27
PM2.5_max,2018-10-28
PM2.5_max,2018-10-29
PM2.5_max,2018-10-30
PM2.5_max,2018-10-31
PM2.5_max,2018-11-01
PM2.5_max,2018-11-02
PM2.5_max,2018-11-03
PM2.5_max,2018-11-04
PM2.5_max,2018-11-05
PM2.5_max,2018-11-06
PM2.5_max,2018-11-07
PM2.5_max,2018-11-08
PM2.5_max,2018-11-09
PM2.5_max,2018-11-10
PM2.5_max,2018-11-11
PM2.5_max,2018-11-12
PM2.5_max,2018-11-13
PM2.5_max,2018-11-14
PM2.5_max,2018-11-15
PM2.5_max,2018-11-16
PM2.5_max,2018-11-17
PM2.5_max,2018-11-18
PM2.5_max,2018-11-19
PM2.5_max,2018-11-20
PM2.5_max,2018-11-21
PM2.5_max,2018-11-22
PM2.5_max,2018-11-23
PM2.5_max,2018-11-24
PM2.5_max,2018-11-25
PM2.5_max,2018-11-26
PM2.5_max,2018-11-27
PM2.5_max,2018-11-28
PM2.5_max,2018-11-29
PM2.5_max,2018-11-30
PM2.5_max,2018-12-01
PM2.5_max,2018-12-02
PM2.5_max,2018-12-03
PM2.5_max,2018-12-04
PM2.5_max,2018-12-05
PM2.5_max,2018-12-06
PM2.5_max,2018-12-07
PM2.5_max,2018-12-08
PM2.5_max,2018-12-09
PM2.5_max,2018-12-10
PM2.5_max,2018-12-11
PM2.5_max,2018-12-12
PM2.5_max,2018-12-13
PM2.5_max,2018-12-14
PM2.5_max,2018-12-15
PM2.5_max,2018-12-16
PM2.5_max,2018-12-17
PM2.5_max,2018-12-18
PM2.5_max,2018-12-19
PM2.5_max,2018-12-20
PM2.5_max,2018-12-21
PM2.5_max,2018-12-22
PM2.5_max,2018-12-23
PM2.5_max,2018-12-24
PM2.5_max,2018-12-25
PM2.5_max,2018-12-26
PM2.5_max,2018-12-27
PM2.5_max,2018-12-28
PM2.5_max,2018-12-29
PM2.5_max,2018-12-30
PM2.5_max,2018-12-31
PM2.5_mean,2017-01-01
PM2.5_mean,2017-01-02
PM2.5_mean,2017-01-03
PM2.5_mean,2017-01-04
PM2.5_mean,2017-01-05
PM2.5_mean,2017-01-06
PM2.5_mean,2017-01-07
PM2.5_mean,2017-01-08
PM2.5_mean,2017-01-09
PM2.5_mean,2017-01-10
PM2.5_mean,2017-01-11
PM2.5_mean,2017-01-12
PM2.5_mean,2017-01-13
PM2.5_mean,2017-01-14
PM2.5_mean,2017-01-15
PM2.5_mean,2017-01-16
PM2.5_mean,2017-01-17
PM2.5_mean,2017-01-18
PM2.5_mean,2017-01-19
PM2.5_mean,2017-01-20
PM2.5_mean,2017-01-21
PM2.5_mean,2017-01-22
PM2.5_mean,2017-01-23
PM2.5_mean,2017-01-24
PM2.5_mean,2017-01-25
PM2.5_mean,2017-01-26
PM2.5_mean,2017-01-27
PM2.5_mean,2017-01-28
PM2.5_mean,2017-01-29
PM2.5_mean,2017-01-30
PM2.5_mean,2017-01-31
PM2.5_mean,2017-02-01
PM2.5_mean,2017-02-02
PM2.5_mean,2017-02-03
PM2.5_mean,2017-02-04
PM2.5_mean,2017-02-05
PM2.5_mean,2017-02-06
PM2.5_mean,2017-02-07
PM2.5_mean,2017-02-08
PM2.5_mean,2017-02-09
PM2.5_mean,2017-02-10
PM2.5_mean,2017-02-11
PM2.5_mean,2017-02-12
PM2.5_mean,2017-02-13
PM2.5_mean,2017-02-14
PM2.5_mean,2017-02-15
PM2.5_mean,2017-02-16
PM2.5_mean,2017-02-17
PM2.5_mean,2017-02-18
PM2.5_mean,2017-02-19
PM2.5_mean,2017-02-20
PM2.5_mean,2017-02-21
PM2.5_mean,2017-02-22
PM2.5_mean,2017-02-23
PM2.5_mean,2017-02-24
PM2.5_mean,2017-02-25
PM2.5_mean,2017-02-26
PM2.5_mean,2017-02-27
PM2.5_mean,2017-02-28
PM2.5_mean,2017-03-01
PM2.5_mean,2017-03-02
PM2.5_mean,2017-03-03
PM2.5_mean,2017-03-04
PM2.5_mean,2017-03-05
PM2.5_mean,2017-03-06
PM2.5_mean,2017-03-07
PM2.5_mean,2017-03-08
PM2.5_mean,2017-03-09
PM2.5_mean,2017-03-10
PM2.5_mean,2017-03-11
PM2.5_mean,2017-03-12
PM2.5_mean,2017-03-13
PM2.5_mean,2017-03-14
PM2.5_mean,2017-03-15
PM2.5_mean,2017-03-16
PM2.5_mean,2017-03-17
PM2.5_mean,2017-03-18
PM2.5_mean,2017-03-19
PM2.5_mean,2017-03-20
PM2.5_mean,2017-03-21
PM2.5_mean,2017-03-22
PM2.5_mean,2017-03-23
PM2.5_mean,2017-03-24
PM2.5_mean,2017-03-25
PM2.5_mean,2017-03-26
PM2.5_mean,2017-03-27
PM2.5_mean,2017-03-28
PM2.5_mean,2017-03-29
PM2.5_mean,2017-03-30
PM2.5_mean,2017-03-31
PM2.5_mean,2017-04-01
PM2.5_mean,2017-04-02
PM2.5_mean,2017-04-03
PM2.5_mean,2017-04-04
PM2.5_mean,2017-04-05
PM2.5_mean,2017-04-06
PM2.5_mean,2017-04-07
PM2.5_mean,2017-04-08
PM2.5_mean,2017-04-09
PM2.5_mean,2017-04-10
PM2.5_mean,2017-04-11
PM2.5_mean,2017-04-12
PM2.5_mean,2017-04-13
PM2.5_mean,2017-04-14
PM2.5_mean,2017-04-15
PM2.5_mean,2017-04-16
PM2.5_mean,2017-04-17
PM2.5_mean,2017-04-18
PM2.5_mean,2017-04-19
PM2.5_mean,2017-04-20
PM2.5_mean,2017-04-21
PM2.5_mean,2017-04-22
PM2.5_mean,2017-04-23
PM2.5_mean,2017-04-24
PM2.5_mean,2017-04-25
PM2.5_mean,2017-04-26
PM2.5_mean,2017-04-27
PM2.5_mean,2017-04-28
PM2.5_mean,2017-04-29
PM2.5_mean,2017-04-30
PM2.5_mean,2017-05-01
PM2.5_mean,2017-05-02
PM2.5_mean,2017-05-03
PM2.5_mean,2017-05-04
PM2.5_mean,2017-05-05
PM2.5_mean,2017-05-06
PM2.5_mean,2017-05-07
PM2.5_mean,2017-05-08
PM2.5_mean,2017-05-09
PM2.5_mean,2017-05-10
PM2.5_mean,2017-05-11
PM2.5_mean,2017-05-12
PM2.5_mean,2017-05-13
PM2.5_mean,2017-05-14
PM2.5_mean,2017-05-15
PM2.5_mean,2017-05-16
PM2.5_mean,2017-05-17
PM2.5_mean,2017-05-18
PM2.5_mean,2017-05-19
PM2.5_mean,2017-05-20
PM2.5_mean,2017-05-21
PM2.5_mean,2017-05-22
PM2.5_mean,2017-05-23
PM2.5_mean,2017-05-24
PM2.5_mean,2017-05-25
PM2.5_mean,2017-05-26
PM2.5_mean,2017-05-27
PM2.5_mean,2017-05-28
PM2.5_mean,2017-05-29
PM2.5_mean,2017-05-30
PM2.5_mean,2017-05-31
PM2.5_mean,2017-06-01
PM2.5_mean,2017-06-02
PM2.5_mean,2017-06-03
PM2.5_mean,2017-06-04
PM2.5_mean,2017-06-05
PM2.5_mean,2017-06-06
PM2.5_mean,2017-06-07
PM2.5_mean,2017-06-08
PM2.5_mean,2017-06-09
PM2.5_mean,2017-06-10
PM2.5_mean,2017-06-11
PM2.5_mean,2017-06-12
PM2.5_mean,2017-06-13
PM2.5_mean,2017-06-14
PM2.5_mean,2017-06-15
PM2.5_mean,2017-06-16
PM2.5_mean,2017-06-17
PM2.5_mean,2017-06-18
PM2.5_mean,2017-06-19
PM2.5_mean,2017-06-20
PM2.5_mean,2017-06-21
PM2.5_mean,2017-06-22
PM2.5_mean,2017-06-23
PM2.5_mean,2017-06-24
PM2.5_mean,2017-06-25
PM2.5_mean,2017-06-26
PM2.5_mean,2017-06-27
PM2.5_mean,2017-06-28
PM2.5_mean,2017-06-29
PM2.5_mean,2017-06-30
PM2.5_mean,2017-07-01
PM2.5_mean,2017-07-02
PM2.5_mean,2017-07-03
PM2.5_mean,2017-07-04
PM2.5_mean,2017-07-05
PM2.5_mean,2017-07-06
PM2.5_mean,2017-07-07
PM2.5_mean,2017-07-08
PM2.5_mean,2017-07-09
PM2.5_mean,2017-07-10
PM2.5_mean,2017-07-11
PM2.5_mean,2017-07-12
PM2.5_mean,2017-07-13
PM2.5_mean,2017-07-14
PM2.5_mean,2017-07-15
PM2.5_mean,2017-07-16
PM2.5_mean,2017-07-17
PM2.5_mean,2017-07-18
PM2.5_mean,2017-07-19
PM2.5_mean,2017-07-20
PM2.5_mean,2017-07-21
PM2.5_mean,2017-07-22
PM2.5_mean,2017-07-23
PM2.5_mean,2017-07-24
PM2.5_mean,2017-07-25
PM2.5_mean,2017-07-26
PM2.5_mean,2017-07-27
PM2.5_mean,2017-07-28
PM2.5_mean,2017-07-29
PM2.5_mean,2017-07-30
PM2.5_mean,2017-07-31
PM2.5_mean,2017-08-01
PM2.5_mean,2017-08-02
PM2.5_mean,2017-08-03
PM2.5_mean,2017-08-04
PM2.5_mean,2017-08-05
PM2.5_mean,2017-08-06
PM2.5_mean,2017-08-07
PM2.5_mean,2017-08-08
PM2.5_mean,2017-08-09
PM2.5_mean,2017-08-10
PM2.5_mean,2017-08-11
PM2.5_mean,2017-08-12
PM2.5_mean,2017-08-13
PM2.5_mean,2017-08-14
PM2.5_mean,2017-08-15
PM2.5_mean,2017-08-16
PM2.5_mean,2017-08-17
PM2.5_mean,2017-08-18
PM2.5_mean,2017-08-19
PM2.5_mean,2017-08-20
PM2.5_mean,2017-08-21
PM2.5_mean,2017-08-22
PM2.5_mean,2017-08-23
PM2.5_mean,2017-08-24
PM2.5_mean,2017-08-25
PM2.5_mean,2017-08-26
PM2.5_mean,2017-08-27
PM2.5_mean,2017-08-28
PM2.5_mean,2017-08-29
PM2.5_mean,2017-08-30
PM2.5_mean,2017-08-31
PM2.5_mean,2017-09-01
PM2.5_mean,2017-09-02
PM2.5_mean,2017-09-03
PM2.5_mean,2017-09-04
PM2.5_mean,2017-09-05
PM2.5_mean,2017-09-06
PM2.5_mean,2017-09-07
PM2.5_mean,2017-09-08
PM2.5_mean,2017-09-09
PM2.5_mean,2017-09-10
PM2.5_mean,2017-09-11
PM2.5_mean,2017-09-12
PM2.5_mean,2017-09-13
PM2.5_mean,2017-09-14
PM2.5_mean,2017-09-15
PM2.5_mean,2017-09-16
PM2.5_mean,2017-09-17
PM2.5_mean,2017-09-18
PM2.5_mean,2017-09-19
PM2.5_mean,2017-09-20
PM2.5_mean,2017-09-21
PM2.5_mean,2017-09-22
PM2.5_mean,2017-09-23
PM2.5_mean,2017-09-24
PM2.5_mean,2017-09-25
PM2.5_mean,2017-09-26
PM2.5_mean,2017-09-27
PM2.5_mean,2017-09-28
PM2.5_mean,2017-09-29
PM2.5_mean,2017-09-30
PM2.5_mean,2017-10-01
PM2.5_mean,2017-10-02
PM2.5_mean,2017-10-03
PM2.5_mean,2017-10-04
PM2.5_mean,2017-10-05
PM2.5_mean,2017-10-06
PM2.5_mean,2017-10-07
PM2.5_mean,2017-10-08
PM2.5_mean,2017-10-09
PM2.5_mean,2017-10-10
PM2.5_mean,2017-10-11
PM2.5_mean,2017-10-12
PM2.5_mean,2017-10-13
PM2.5_mean,2017-10-14
PM2.5_mean,2017-10-15
PM2.5_mean,2017-10-16
PM2.5_mean,2017-10-17
PM2.5_mean,2017-10-18
PM2.5_mean,2017-10-19
PM2.5_mean,2017-10-20
PM2.5_mean,2017-10-21
PM2.5_mean,2017-10-22
PM2.5_mean,2017-10-23
PM2.5_mean,2017-10-24
PM2.5_mean,2017-10-25
PM2.5_mean,2017-10-26
PM2.5_mean,2017-10-27
PM2.5_mean,2017-10-28
PM2.5_mean,2017-10-29
PM2.5_mean,2017-10-30
PM2.5_mean,2017-10-31
PM2.5_mean,2017-11-01
PM2.5_mean,2017-11-02
PM2.5_mean,2017-11-03
PM2.5_mean,2017-11-04
PM2.5_mean,2017-11-05
PM2.5_mean,2017-11-06
PM2.5_mean,2017-11-07
PM2.5_mean,2017-11-08
PM2.5_mean,2017-11-09
PM2.5_mean,2017-11-10
PM2.5_mean,2017-11-11
PM2.5_mean,2017-11-12
PM2.5_mean,2017-11-13
PM2.5_mean,2017-11-14
PM2.5_mean,2017-11-15
PM2.5_mean,2017-11-16
PM2.5_mean,2017-11-17
PM2.5_mean,2017-11-18
PM2.5_mean,2017-11-19
PM2.5_mean,2017-11-20
PM2.5_mean,2017-11-21
PM2.5_mean,2017-11-22
PM2.5_mean,2017-11-23
PM2.5_mean,2017-11-24
PM2.5_mean,2017-11-25
PM2.5_mean,2017-11-26
PM2.5_mean,2017-11-27
PM2.5_mean,2017-11-28
PM2.5_mean,2017-11-29
PM2.5_mean,2017-11-30
PM2.5_mean,2017-12-01
PM2.5_mean,2017-12-02
PM2.5_mean,2017-12-03
PM2.5_mean,2017-12-04
PM2.5_mean,2017-12-05
PM2.5_mean,2017-12-06
PM2.5_mean,2017-12-07
PM2.5_mean,2017-12-08
PM2.5_mean,2017-12-09
PM2.5_mean,2017-12-10
PM2.5_mean,2017-12-11
PM2.5_mean,2017-12-12
PM2.5_mean,2017-12-13
PM2.5_mean,2017-12-14
PM2.5_mean,2017-12-15
PM2.5_mean,2017-12-16
PM2.5_mean,2017-12-17
PM2.5_mean,2017-12-18
PM2.5_mean,2017-12-19
PM2.5_mean,2017-12-20
PM2.5_mean,2017-12-21
PM2.5_mean,2017-12-22
PM2.5_mean,2017-12-23
PM2.5_mean,2017-12-24
PM2.5_mean,2017-12-25
PM2.5_mean,2017-12-26
PM2.5_mean,2017-12-27
PM2.5_mean,2017-12-28
PM2.5_mean,2017-12-29
PM2.5_mean,2017-12-30
PM2.5_mean,2017-12-31
PM2.5_mean,2018-01-01
PM2.5_mean,2018-01-02
PM2.5_mean,2018-01-03
PM2.5_mean,2018-01-04
PM2.5_mean,2018-01-05
PM2.5_mean,2018-01-06
PM2.5_mean,2018-01-07
PM2.5_mean,2018-01-08
PM2.5_mean,2018-01-09
PM2.5_mean,2018-01-10
PM2.5_mean,2018-01-11
PM2.5_mean,2018-01-12
PM2.5_mean,2018-01-13
PM2.5_mean,2018-01-14
PM2.5_mean,2018-01-15
PM2.5_mean,2018-01-16
PM2.5_mean,2018-01-17
PM2.5_mean,2018-01-18
PM2.5_mean,2018-01-19
PM2.5_mean,2018-01-20
PM2.5_mean,2018-01-21
PM2.5_mean,2018-01-22
PM2.5_mean,2018-01-23
PM2.5_mean,2018-01-24
PM2.5_mean,2018-01-25
PM2.5_mean,2018-01-26
PM2.5_mean,2018-01-27
PM2.5_mean,2018-01-28
PM2.5_mean,2018-01-29
PM2.5_mean,2018-01-30
PM2.5_mean,2018-01-31
PM2.5_mean,2018-02-01
PM2.5_mean,2018-02-02
PM2.5_mean,2018-02-03
PM2.5_mean,2018-02-04
PM2.5_mean,2018-02-05
PM2.5_mean,2018-02-06
PM2.5_mean,2018-02-07
PM2.5_mean,2018-02-08
PM2.5_mean,2018-02-09
PM2.5_mean,2018-02-10
PM2.5_mean,2018-02-11
PM2.5_mean,2018-02-12
PM2.5_mean,2018-02-13
PM2.5_mean,2018-02-14
PM2.5_mean,2018-02-15
PM2.5_mean,2018-02-16
PM2.5_mean,2018-02-17
PM2.5_mean,2018-02-18
PM2.5_mean,2018-02-19
PM2.5_mean,2018-02-20
PM2.5_mean,2018-02-21
PM2.5_mean,2018-02-22
PM2.5_mean,2018-02-23
PM2.5_mean,2018-02-24
PM2.5_mean,2018-02-25
PM2.5_mean,2018-02-26
PM2.5_mean,2018-02-27
PM2.5_mean,2018-02-28
PM2.5_mean,2018-03-01
PM2.5_mean,2018-03-02
PM2.5_mean,2018-03-03
PM2.5_mean,2018-03-04
PM2.5_mean,2018-03-05
PM2.5_mean,2018-03-06
PM2.5_mean,2018-03-07
PM2.5_mean,2018-03-08
PM2.5_mean,2018-03-09
PM2.5_mean,2018-03-10
PM2.5_mean,2018-03-11
PM2.5_mean,2018-03-12
PM2.5_mean,2018-03-13
PM2.5_mean,2018-03-14
PM2.5_mean,2018-03-15
PM2.5_mean,2018-03-16
PM2.5_mean,2018-03-17
PM2.5_mean,2018-03-18
PM2.5_mean,2018-03-19
PM2.5_mean,2018-03-20
PM2.5_mean,2018-03-21
PM2.5_mean,2018-03-22
PM2.5_mean,2018-03-23
PM2.5_mean,2018-03-24
PM2.5_mean,2018-03-25
PM2.5_mean,2018-03-26
PM2.5_mean,2018-03-27
PM2.5_mean,2018-03-28
PM2.5_mean,2018-03-29
PM2.5_mean,2018-03-30
PM2.5_mean,2018-03-31
PM2.5_mean,2018-04-01
PM2.5_mean,2018-04-02
PM2.5_mean,2018-04-03
PM2.5_mean,2018-04-04
PM2.5_mean,2018-04-05
PM2.5_mean,2018-04-06
PM2.5_mean,2018-04-07
PM2.5_mean,2018-04-08
PM2.5_mean,2018-04-09
PM2.5_mean,2018-04-10
PM2.5_mean,2018-04-11
PM2.5_mean,2018-04-12
PM2.5_mean,2018-04-13
PM2.5_mean,2018-04-14
PM2.5_mean,2018-04-15
PM2.5_mean,2018-04-16
PM2.5_mean,2018-04-17
PM2.5_mean,2018-04-18
PM2.5_mean,2018-04-19
PM2.5_mean,2018-04-20
PM2.5_mean,2018-04-21
PM2.5_mean,2018-04-22
PM2.5_mean,2018-04-23
PM2.5_mean,2018-04-24
PM2.5_mean,2018-04-25
PM2.5_mean,2018-04-26
PM2.5_mean,2018-04-27
PM2.5_mean,2018-04-28
PM2.5_mean,2018-04-29
PM2.5_mean,2018-04-30
PM2.5_mean,2018-05-01
PM2.5_mean,2018-05-02
PM2.5_mean,2018-05-03
PM2.5_mean,2018-05-04
PM2.5_mean,2018-05-05
PM2.5_mean,2018-05-06
PM2.5_mean,2018-05-07
PM2.5_mean,2018-05-08
PM2.5_mean,2018-05-09
PM2.5_mean,2018-05-10
PM2.5_mean,2018-05-11
PM2.5_mean,2018-05-12
PM2.5_mean,2018-05-13
PM2.5_mean,2018-05-14
PM2.5_mean,2018-05-15
PM2.5_mean,2018-05-16
PM2.5_mean,2018-05-17
PM2.5_mean,2018-05-18
PM2.5_mean,2018-05-19
PM2.5_mean,2018-05-20
PM2.5_mean,2018-05-21
PM2.5_mean,2018-05-22
PM2.5_mean,2018-05-23
PM2.5_mean,2018-05-24
PM2.5_mean,2018-05-25
PM2.5_mean,2018-05-26
PM2.5_mean,2018-05-27
PM2.5_mean,2018-05-28
PM2.5_mean,2018-05-29
PM2.5_mean,2018-05-30
PM2.5_mean,2018-05-31
PM2.5_mean,2018-06-01
PM2.5_mean,2018-06-02
PM2.5_mean,2018-06-03
PM2.5_mean,2018-06-04
PM2.5_mean,2018-06-05
PM2.5_mean,2018-06-06
PM2.5_mean,2018-06-07
PM2.5_mean,2018-06-08
PM2.5_mean,2018-06-09
PM2.5_mean,2018-06-10
PM2.5_mean,2018-06-11
PM2.5_mean,2018-06-12
PM2.5_mean,2018-06-13
PM2.5_mean,2018-06-14
PM2.5_mean,2018-06-15
PM2.5_mean,2018-06-16
PM2.5_mean,2018-06-17
PM2.5_mean,2018-06-18
PM2.5_mean,2018-06-19
PM2.5_mean,2018-06-20
PM2.5_mean,2018-06-21
PM2.5_mean,2018-06-22
PM2.5_mean,2018-06-23
PM2.5_mean,2018-06-24
PM2.5_mean,2018-06-25
PM2.5_mean,2018-06-26
PM2.5_mean,2018-06-27
PM2.5_mean,2018-06-28
PM2.5_mean,2018-06-29
PM2.5_mean,2018-06-30
PM2.5_mean,2018-07-01
PM2.5_mean,2018-07-02
PM2.5_mean,2018-07-03
PM2.5_mean,2018-07-04
PM2.5_mean,2018-07-05
PM2.5_mean,2018-07-06
PM2.5_mean,2018-07-07
PM2.5_mean,2018-07-08
PM2.5_mean,2018-07-09
PM2.5_mean,2018-07-10
PM2.5_mean,2018-07-11
PM2.5_mean,2018-07-12
PM2.5_mean,2018-07-13
PM2.5_mean,2018-07-14
PM2.5_mean,2018-07-15
PM2.5_mean,2018-07-16
PM2.5_mean,2018-07-17
PM2.5_mean,2018-07-18
PM2.5_mean,2018-07-19
PM2.5_mean,2018-07-20
PM2.5_mean,2018-07-21
PM2.5_mean,2018-07-22
PM2.5_mean,2018-07-23
PM2.5_mean,2018-07-24
PM2.5_mean,2018-07-25
PM2.5_mean,2018-07-26
PM2.5_mean,2018-07-27
PM2.5_mean,2018-07-28
PM2.5_mean,2018-07-29
PM2.5_mean,2018-07-30
PM2.5_mean,2018-07-31
PM2.5_mean,2018-08-01
PM2.5_mean,2018-08-02
PM2.5_mean,2018-08-03
PM2.5_mean,2018-08-04
PM2.5_mean,2018-08-05
PM2.5_mean,2018-08-06
PM2.5_mean,2018-08-07
PM2.5_mean,2018-08-08
PM2.5_mean,2018-08-09
PM2.5_mean,2018-08-10
PM2.5_mean,2018-08-11
PM2.5_mean,2018-08-12
PM2.5_mean,2018-08-13
PM2.5_mean,2018-08-14
PM2.5_mean,2018-08-15
PM2.5_mean,2018-08-16
PM2.5_mean,2018-08-17
PM2.5_mean,2018-08-18
PM2.5_mean,2018-08-19
PM2.5_mean,2018-08-20
PM2.5_mean,2018-08-21
PM2.5_mean,2018-08-22
PM2.5_mean,2018-08-23
PM2.5_mean,2018-08-24
PM2.5_mean,2018-08-25
PM2.5_mean,2018-08-26
PM2.5_mean,2018-08-27
PM2.5_mean,2018-08-28
PM2.5_mean,2018-08-29
PM2.5_mean,2018-08-30
PM2.5_mean,2018-08-31
PM2.5_mean,2018-09-01
PM2.5_mean,2018-09-02
PM2.5_mean,2018-09-03
PM2.5_mean,2018-09-04
PM2.5_mean,2018-09-05
PM2.5_mean,2018-09-06
PM2.5_mean,2018-09-07
PM2.5_mean,2018-09-08
PM2.5_mean,2018-09-09
PM2.5_mean,2018-09-10
PM2.5_mean,2018-09-11
PM2.5_mean,2018-09-12
PM2.5_mean,2018-09-13
PM2.5_mean,2018-09-14
PM2.5_mean,2018-09-15
PM2.5_mean,2018-09-16
PM2.5_mean,2018-09-17
PM2.5_mean,2018-09-18
PM2.5_mean,2018-09-19
PM2.5_mean,2018-09-20
PM2.5_mean,2018-09-21
PM2.5_mean,2018-09-22
PM2.5_mean,2018-09-23
PM2.5_mean,2018-09-24
PM2.5_mean,2018-09-25
PM2.5_mean,2018-09-26
PM2.5_mean,2018-09-27
PM2.5_mean,2018-09-28
PM2.5_mean,2018-09-29
PM2.5_mean,2018-09-30
PM2.5_mean,2018-10-01
PM2.5_mean,2018-10-02
PM2.5_mean,2018-10-03
PM2.5_mean,2018-10-04
PM2.5_mean,2018-10-05
PM2.5_mean,2018-10-06
PM2.5_mean,2018-10-07
PM2.5_mean,2018-10-08
PM2.5_mean,2018-10-09
PM2.5_mean,2018-10-10
PM2.5_mean,2018-10-11
PM2.5_mean,2018-10-12
PM2.5_mean,2018-10-13
PM2.5_mean,2018-10-14
PM2.5_mean,2018-10-15
PM2.5_mean,2018-10-16
PM2.5_mean,2018-10-17
PM2.5_mean,2018-10-18
PM2.5_mean,2018-10-19
PM2.5_mean,2018-10-20
PM2.5_mean,2018-10-21
PM2.5_mean,2018-10-22
PM2.5_mean,2018-10-23
PM2.5_mean,2018-10-24
PM2.5_mean,2018-10-25
PM2.5_mean,2018-10-26
PM2.5_mean,2018-10-27
PM2.5_mean,2018-10-28
PM2.5_mean,2018-10-29
PM2.5_mean,2018-10-30
PM2.5_mean,2018-10-31
PM2.5_mean,2018-11-01
PM2.5_mean,2018-11-02
PM2.5_mean,2018-11-03
PM2.5_mean,2018-11-04
PM2.5_mean,2018-11-05
PM2.5_mean,2018-11-06
PM2.5_mean,2018-11-07
PM2.5_mean,2018-11-08
PM2.5_mean,2018-11-09
PM2.5_mean,2018-11-10
PM2.5_mean,2018-11-11
PM2.5_mean,2018-11-12
PM2.5_mean,2018-11-13
PM2.5_mean,2018-11-14
PM2.5_mean,2018-11-15
PM2.5_mean,2018-11-16
PM2.5_mean,2018-11-17
PM2.5_mean,2018-11-18
PM2.5_mean,2018-11-19
PM2.5_mean,2018-11-20
PM2.5_mean,2018-11-21
PM2.5_mean,2018-11-22
PM2.5_mean,2018-11-23
PM2.5_mean,2018-11-24
PM2.5_mean,2018-11-25
PM2.5_mean,2018-11-26
PM2.5_mean,2018-11-27
PM2.5_mean,2018-11-28
PM2.5_mean,2018-11-29
PM2.5_mean,2018-11-30
PM2.5_mean,2018-12-01
PM2.5_mean,2018-12-02
PM2.5_mean,2018-12-03
PM2.5_mean,2018-12-04
PM2.5_mean,2018-12-05
PM2.5_mean,2018-12-06
PM2.5_mean,2018-12-07
PM2.5_mean,2018-12-08
PM2.5_mean,2018-12-09
PM2.5_mean,2018-12-10
PM2.5_mean,2018-12-11
PM2.5_mean,2018-12-12
PM2.5_mean,2018-12-13
PM2.5_mean,2018-12-14
PM2.5_mean,2018-12-15
PM2.5_mean,2018-12-16
PM2.5_mean,2018-12-17
PM2.5_mean,2018-12-18
PM2.5_mean,2018-12-19
PM2.5_mean,2018-12-20
PM2.5_mean,2018-12-21
PM2.5_mean,2018-12-22
PM2.5_mean,2018-12-23
PM2.5_mean,2018-12-24
PM2.5_mean,2018-12-25
PM2.5_mean,2018-12-26
PM2.5_mean,2018-12-27
PM2.5_mean,2018-12-28
PM2.5_mean,2018-12-29
PM2.5_mean,2018-12-30
PM2.5_mean,2018-12-31
Platanus,2017-01-01
Platanus,2017-01-02
Platanus,2017-01-03
Platanus,2017-01-04
Platanus,2017-01-05
Platanus,2017-01-06
Platanus,2017-01-07
Platanus,2017-01-08
Platanus,2017-01-09
Platanus,2017-01-10
Platanus,2017-01-11
Platanus,2017-01-12
Platanus,2017-01-13
Platanus,2017-01-14
Platanus,2017-01-15
Platanus,2017-01-16
Platanus,2017-01-17
Platanus,2017-01-18
Platanus,2017-01-19
Platanus,2017-01-20
Platanus,2017-01-21
Platanus,2017-01-22
Platanus,2017-01-23
Platanus,2017-01-24
Platanus,2017-01-25
Platanus,2017-01-26
Platanus,2017-01-27
Platanus,2017-01-28
Platanus,2017-01-29
Platanus,2017-01-30
Platanus,2017-01-31
Platanus,2017-02-01
Platanus,2017-02-02
Platanus,2017-02-03
Platanus,2017-02-04
Platanus,2017-02-05
Platanus,2017-02-06
Platanus,2017-02-07
Platanus,2017-02-08
Platanus,2017-02-09
Platanus,2017-02-10
Platanus,2017-02-11
Platanus,2017-02-12
Platanus,2017-02-13
Platanus,2017-02-14
Platanus,2017-02-15
Platanus,2017-02-16
Platanus,2017-02-17
Platanus,2017-02-18
Platanus,2017-02-19
Platanus,2017-02-20
Platanus,2017-02-21
Platanus,2017-02-22
Platanus,2017-02-23
Platanus,2017-02-24
Platanus,2017-02-25
Platanus,2017-02-26
Platanus,2017-02-27
Platanus,2017-02-28
Platanus,2017-03-01
Platanus,2017-03-02
Platanus,2017-03-03
Platanus,2017-03-04
Platanus,2017-03-05
Platanus,2017-03-06
Platanus,2017-03-07
Platanus,2017-03-08
Platanus,2017-03-09
Platanus,2017-03-10
Platanus,2017-03-11
Platanus,2017-03-12
Platanus,2017-03-13
Platanus,2017-03-14
Platanus,2017-03-15
Platanus,2017-03-16
Platanus,2017-03-17
Platanus,2017-03-18
Platanus,2017-03-19
Platanus,2017-03-20
Platanus,2017-03-21
Platanus,2017-03-22
Platanus,2017-03-23
Platanus,2017-03-24
Platanus,2017-03-25
Platanus,2017-03-26
Platanus,2017-03-27
Platanus,2017-03-28
Platanus,2017-03-29
Platanus,2017-03-30
Platanus,2017-03-31
Platanus,2017-04-01
Platanus,2017-04-02
Platanus,2017-04-03
Platanus,2017-04-04
Platanus,2017-04-05
Platanus,2017-04-06
Platanus,2017-04-07
Platanus,2017-04-08
Platanus,2017-04-09
Platanus,2017-04-10
Platanus,2017-04-11
Platanus,2017-04-12
Platanus,2017-04-13
Platanus,2017-04-14
Platanus,2017-04-15
Platanus,2017-04-16
Platanus,2017-04-17
Platanus,2017-04-18
Platanus,2017-04-19
Platanus,2017-04-20
Platanus,2017-04-21
Platanus,2017-04-22
Platanus,2017-04-23
Platanus,2017-04-24
Platanus,2017-04-25
Platanus,2017-04-26
Platanus,2017-04-27
Platanus,2017-04-28
Platanus,2017-04-29
Platanus,2017-04-30
Platanus,2017-05-01
Platanus,2017-05-02
Platanus,2017-05-03
Platanus,2017-05-04
Platanus,2017-05-05
Platanus,2017-05-06
Platanus,2017-05-07
Platanus,2017-05-08
Platanus,2017-05-09
Platanus,2017-05-10
Platanus,2017-05-11
Platanus,2017-05-12
Platanus,2017-05-13
Platanus,2017-05-14
Platanus,2017-05-15
Platanus,2017-05-16
Platanus,2017-05-17
Platanus,2017-05-18
Platanus,2017-05-19
Platanus,2017-05-20
Platanus,2017-05-21
Platanus,2017-05-22
Platanus,2017-05-23
Platanus,2017-05-24
Platanus,2017-05-25
Platanus,2017-05-26
Platanus,2017-05-27
Platanus,2017-05-28
Platanus,2017-05-29
Platanus,2017-05-30
Platanus,2017-05-31
Platanus,2017-06-01
Platanus,2017-06-02
Platanus,2017-06-03
Platanus,2017-06-04
Platanus,2017-06-05
Platanus,2017-06-06
Platanus,2017-06-07
Platanus,2017-06-08
Platanus,2017-06-09
Platanus,2017-06-10
Platanus,2017-06-11
Platanus,2017-06-12
Platanus,2017-06-13
Platanus,2017-06-14
Platanus,2017-06-15
Platanus,2017-06-16
Platanus,2017-06-17
Platanus,2017-06-18
Platanus,2017-06-19
Platanus,2017-06-20
Platanus,2017-06-21
Platanus,2017-06-22
Platanus,2017-06-23
Platanus,2017-06-24
Platanus,2017-06-25
Platanus,2017-06-26
Platanus,2017-06-27
Platanus,2017-06-28
Platanus,2017-06-29
Platanus,2017-06-30
Platanus,2017-07-01
Platanus,2017-07-02
Platanus,2017-07-03
Platanus,2017-07-04
Platanus,2017-07-05
Platanus,2017-07-06
Platanus,2017-07-07
Platanus,2017-07-08
Platanus,2017-07-09
Platanus,2017-07-10
Platanus,2017-07-11
Platanus,2017-07-12
Platanus,2017-07-13
Platanus,2017-07-14
Platanus,2017-07-15
Platanus,2017-07-16
Platanus,2017-07-17
Platanus,2017-07-18
Platanus,2017-07-19
Platanus,2017-07-20
Platanus,2017-07-21
Platanus,2017-07-22
Platanus,2017-07-23
Platanus,2017-07-24
Platanus,2017-07-25
Platanus,2017-07-26
Platanus,2017-07-27
Platanus,2017-07-28
Platanus,2017-07-29
Platanus,2017-07-30
Platanus,2017-07-31
Platanus,2017-08-01
Platanus,2017-08-02
Platanus,2017-08-03
Platanus,2017-08-04
Platanus,2017-08-05
Platanus,2017-08-06
Platanus,2017-08-07
Platanus,2017-08-08
Platanus,2017-08-09
Platanus,2017-08-10
Platanus,2017-08-11
Platanus,2017-08-12
Platanus,2017-08-13
Platanus,2017-08-14
Platanus,2017-08-15
Platanus,2017-08-16
Platanus,2017-08-17
Platanus,2017-08-18
Platanus,2017-08-19
Platanus,2017-08-20
Platanus,2017-08-21
Platanus,2017-08-22
Platanus,2017-08-23
Platanus,2017-08-24
Platanus,2017-08-25
Platanus,2017-08-26
Platanus,2017-08-27
Platanus,2017-08-28
Platanus,2017-08-29
Platanus,2017-08-30
Platanus,2017-08-31
Platanus,2017-09-01
Platanus,2017-09-02
Platanus,2017-09-03
Platanus,2017-09-04
Platanus,2017-09-05
Platanus,2017-09-06
Platanus,2017-09-07
Platanus,2017-09-08
Platanus,2017-09-09
Platanus,2017-09-10
Platanus,2017-09-11
Platanus,2017-09-12
Platanus,2017-09-13
Platanus,2017-09-14
Platanus,2017-09-15
Platanus,2017-09-16
Platanus,2017-09-17
Platanus,2017-09-18
Platanus,2017-09-19
Platanus,2017-09-20
Platanus,2017-09-21
Platanus,2017-09-22
Platanus,2017-09-23
Platanus,2017-09-24
Platanus,2017-09-25
Platanus,2017-09-26
Platanus,2017-09-27
Platanus,2017-09-28
Platanus,2017-09-29
Platanus,2017-09-30
Platanus,2017-10-01
Platanus,2017-10-02
Platanus,2017-10-03
Platanus,2017-10-04
Platanus,2017-10-05
Platanus,2017-10-06
Platanus,2017-10-07
Platanus,2017-10-08
Platanus,2017-10-09
Platanus,2017-10-10
Platanus,2017-10-11
Platanus,2017-10-12
Platanus,2017-10-13
Platanus,2017-10-14
Platanus,2017-10-15
Platanus,2017-10-16
Platanus,2017-10-17
Platanus,2017-10-18
Platanus,2017-10-19
Platanus,2017-10-20
Platanus,2017-10-21
Platanus,2017-10-22
Platanus,2017-10-23
Platanus,2017-10-24
Platanus,2017-10-25
Platanus,2017-10-26
Platanus,2017-10-27
Platanus,2017-10-28
Platanus,2017-10-29
Platanus,2017-10-30
Platanus,2017-10-31
Platanus,2017-11-01
Platanus,2017-11-02
Platanus,2017-11-03
Platanus,2017-11-04
Platanus,2017-11-05
Platanus,2017-11-06
Platanus,2017-11-07
Platanus,2017-11-08
Platanus,2017-11-09
Platanus,2017-11-10
Platanus,2017-11-11
Platanus,2017-11-12
Platanus,2017-11-13
Platanus,2017-11-14
Platanus,2017-11-15
Platanus,2017-11-16
Platanus,2017-11-17
Platanus,2017-11-18
Platanus,2017-11-19
Platanus,2017-11-20
Platanus,2017-11-21
Platanus,2017-11-22
Platanus,2017-11-23
Platanus,2017-11-24
Platanus,2017-11-25
Platanus,2017-11-26
Platanus,2017-11-27
Platanus,2017-11-28
Platanus,2017-11-29
Platanus,2017-11-30
Platanus,2017-12-01
Platanus,2017-12-02
Platanus,2017-12-03
Platanus,2017-12-04
Platanus,2017-12-05
Platanus,2017-12-06
Platanus,2017-12-07
Platanus,2017-12-08
Platanus,2017-12-09
Platanus,2017-12-10
Platanus,2017-12-11
Platanus,2017-12-12
Platanus,2017-12-13
Platanus,2017-12-14
Platanus,2017-12-15
Platanus,2017-12-16
Platanus,2017-12-17
Platanus,2017-12-18
Platanus,2017-12-19
Platanus,2017-12-20
Platanus,2017-12-21
Platanus,2017-12-22
Platanus,2017-12-23
Platanus,2017-12-24
Platanus,2017-12-25
Platanus,2017-12-26
Platanus,2017-12-27
Platanus,2017-12-28
Platanus,2017-12-29
Platanus,2017-12-30
Platanus,2017-12-31
Platanus,2018-01-01
Platanus,2018-01-02
Platanus,2018-01-03
Platanus,2018-01-04
Platanus,2018-01-05
Platanus,2018-01-06
Platanus,2018-01-07
Platanus,2018-01-08
Platanus,2018-01-09
Platanus,2018-01-10
Platanus,2018-01-11
Platanus,2018-01-12
Platanus,2018-01-13
Platanus,2018-01-14
Platanus,2018-01-15
Platanus,2018-01-16
Platanus,2018-01-17
Platanus,2018-01-18
Platanus,2018-01-19
Platanus,2018-01-20
Platanus,2018-01-21
Platanus,2018-01-22
Platanus,2018-01-23
Platanus,2018-01-24
Platanus,2018-01-25
Platanus,2018-01-26
Platanus,2018-01-27
Platanus,2018-01-28
Platanus,2018-01-29
Platanus,2018-01-30
Platanus,2018-01-31
Platanus,2018-02-01
Platanus,2018-02-02
Platanus,2018-02-03
Platanus,2018-02-04
Platanus,2018-02-05
Platanus,2018-02-06
Platanus,2018-02-07
Platanus,2018-02-08
Platanus,2018-02-09
Platanus,2018-02-10
Platanus,2018-02-11
Platanus,2018-02-12
Platanus,2018-02-13
Platanus,2018-02-14
Platanus,2018-02-15
Platanus,2018-02-16
Platanus,2018-02-17
Platanus,2018-02-18
Platanus,2018-02-19
Platanus,2018-02-20
Platanus,2018-02-21
Platanus,2018-02-22
Platanus,2018-02-23
Platanus,2018-02-24
Platanus,2018-02-25
Platanus,2018-02-26
Platanus,2018-02-27
Platanus,2018-02-28
Platanus,2018-03-01
Platanus,2018-03-02
Platanus,2018-03-03
Platanus,2018-03-04
Platanus,2018-03-05
Platanus,2018-03-06
Platanus,2018-03-07
Platanus,2018-03-08
Platanus,2018-03-09
Platanus,2018-03-10
Platanus,2018-03-11
Platanus,2018-03-12
Platanus,2018-03-13
Platanus,2018-03-14
Platanus,2018-03-15
Platanus,2018-03-16
Platanus,2018-03-17
Platanus,2018-03-18
Platanus,2018-03-19
Platanus,2018-03-20
Platanus,2018-03-21
Platanus,2018-03-22
Platanus,2018-03-23
Platanus,2018-03-24
Platanus,2018-03-25
Platanus,2018-03-26
Platanus,2018-03-27
Platanus,2018-03-28
Platanus,2018-03-29
Platanus,2018-03-30
Platanus,2018-03-31
Platanus,2018-04-01
Platanus,2018-04-02
Platanus,2018-04-03
Platanus,2018-04-04
Platanus,2018-04-05
Platanus,2018-04-06
Platanus,2018-04-07
Platanus,2018-04-08
Platanus,2018-04-09
Platanus,2018-04-10
Platanus,2018-04-11
Platanus,2018-04-12
Platanus,2018-04-13
Platanus,2018-04-14
Platanus,2018-04-15
Platanus,2018-04-16
Platanus,2018-04-17
Platanus,2018-04-18
Platanus,2018-04-19
Platanus,2018-04-20
Platanus,2018-04-21
Platanus,2018-04-22
Platanus,2018-04-23
Platanus,2018-04-24
Platanus,2018-04-25
Platanus,2018-04-26
Platanus,2018-04-27
Platanus,2018-04-28
Platanus,2018-04-29
Platanus,2018-04-30
Platanus,2018-05-01
Platanus,2018-05-02
Platanus,2018-05-03
Platanus,2018-05-04
Platanus,2018-05-05
Platanus,2018-05-06
Platanus,2018-05-07
Platanus,2018-05-08
Platanus,2018-05-09
Platanus,2018-05-10
Platanus,2018-05-11
Platanus,2018-05-12
Platanus,2018-05-13
Platanus,2018-05-14
Platanus,2018-05-15
Platanus,2018-05-16
Platanus,2018-05-17
Platanus,2018-05-18
Platanus,2018-05-19
Platanus,2018-05-20
Platanus,2018-05-21
Platanus,2018-05-22
Platanus,2018-05-23
Platanus,2018-05-24
Platanus,2018-05-25
Platanus,2018-05-26
Platanus,2018-05-27
Platanus,2018-05-28
Platanus,2018-05-29
Platanus,2018-05-30
Platanus,2018-05-31
Platanus,2018-06-01
Platanus,2018-06-02
Platanus,2018-06-03
Platanus,2018-06-04
Platanus,2018-06-05
Platanus,2018-06-06
Platanus,2018-06-07
Platanus,2018-06-08
Platanus,2018-06-09
Platanus,2018-06-10
Platanus,2018-06-11
Platanus,2018-06-12
Platanus,2018-06-13
Platanus,2018-06-14
Platanus,2018-06-15
Platanus,2018-06-16
Platanus,2018-06-17
Platanus,2018-06-18
Platanus,2018-06-19
Platanus,2018-06-20
Platanus,2018-06-21
Platanus,2018-06-22
Platanus,2018-06-23
Platanus,2018-06-24
Platanus,2018-06-25
Platanus,2018-06-26
Platanus,2018-06-27
Platanus,2018-06-28
Platanus,2018-06-29
Platanus,2018-06-30
Platanus,2018-07-01
Platanus,2018-07-02
Platanus,2018-07-03
Platanus,2018-07-04
Platanus,2018-07-05
Platanus,2018-07-06
Platanus,2018-07-07
Platanus,2018-07-08
Platanus,2018-07-09
Platanus,2018-07-10
Platanus,2018-07-11
Platanus,2018-07-12
Platanus,2018-07-13
Platanus,2018-07-14
Platanus,2018-07-15
Platanus,2018-07-16
Platanus,2018-07-17
Platanus,2018-07-18
Platanus,2018-07-19
Platanus,2018-07-20
Platanus,2018-07-21
Platanus,2018-07-22
Platanus,2018-07-23
Platanus,2018-07-24
Platanus,2018-07-25
Platanus,2018-07-26
Platanus,2018-07-27
Platanus,2018-07-28
Platanus,2018-07-29
Platanus,2018-07-30
Platanus,2018-07-31
Platanus,2018-08-01
Platanus,2018-08-02
Platanus,2018-08-03
Platanus,2018-08-04
Platanus,2018-08-05
Platanus,2018-08-06
Platanus,2018-08-07
Platanus,2018-08-08
Platanus,2018-08-09
Platanus,2018-08-10
Platanus,2018-08-11
Platanus,2018-08-12
Platanus,2018-08-13
Platanus,2018-08-14
Platanus,2018-08-15
Platanus,2018-08-16
Platanus,2018-08-17
Platanus,2018-08-18
Platanus,2018-08-19
Platanus,2018-08-20
Platanus,2018-08-21
Platanus,2018-08-22
Platanus,2018-08-23
Platanus,2018-08-24
Platanus,2018-08-25
Platanus,2018-08-26
Platanus,2018-08-27
Platanus,2018-08-28
Platanus,2018-08-29
Platanus,2018-08-30
Platanus,2018-08-31
Platanus,2018-09-01
Platanus,2018-09-02
Platanus,2018-09-03
Platanus,2018-09-04
Platanus,2018-09-05
Platanus,2018-09-06
Platanus,2018-09-07
Platanus,2018-09-08
Platanus,2018-09-09
Platanus,2018-09-10
Platanus,2018-09-11
Platanus,2018-09-12
Platanus,2018-09-13
Platanus,2018-09-14
Platanus,2018-09-15
Platanus,2018-09-16
Platanus,2018-09-17
Platanus,2018-09-18
Platanus,2018-09-19
Platanus,2018-09-20
Platanus,2018-09-21
Platanus,2018-09-22
Platanus,2018-09-23
Platanus,2018-09-24
Platanus,2018-09-25
Platanus,2018-09-26
Platanus,2018-09-27
Platanus,2018-09-28
Platanus,2018-09-29
Platanus,2018-09-30
Platanus,2018-10-01
Platanus,2018-10-02
Platanus,2018-10-03
Platanus,2018-10-04
Platanus,2018-10-05
Platanus,2018-10-06
Platanus,2018-10-07
Platanus,2018-10-08
Platanus,2018-10-09
Platanus,2018-10-10
Platanus,2018-10-11
Platanus,2018-10-12
Platanus,2018-10-13
Platanus,2018-10-14
Platanus,2018-10-15
Platanus,2018-10-16
Platanus,2018-10-17
Platanus,2018-10-18
Platanus,2018-10-19
Platanus,2018-10-20
Platanus,2018-10-21
Platanus,2018-10-22
Platanus,2018-10-23
Platanus,2018-10-24
Platanus,2018-10-25
Platanus,2018-10-26
Platanus,2018-10-27
Platanus,2018-10-28
Platanus,2018-10-29
Platanus,2018-10-30
Platanus,2018-10-31
Platanus,2018-11-01
Platanus,2018-11-02
Platanus,2018-11-03
Platanus,2018-11-04
Platanus,2018-11-05
Platanus,2018-11-06
Platanus,2018-11-07
Platanus,2018-11-08
Platanus,2018-11-09
Platanus,2018-11-10
Platanus,2018-11-11
Platanus,2018-11-12
Platanus,2018-11-13
Platanus,2018-11-14
Platanus,2018-11-15
Platanus,2018-11-16
Platanus,2018-11-17
Platanus,2018-11-18
Platanus,2018-11-19
Platanus,2018-11-20
Platanus,2018-11-21
Platanus,2018-11-22
Platanus,2018-11-23
Platanus,2018-11-24
Platanus,2018-11-25
Platanus,2018-11-26
Platanus,2018-11-27
Platanus,2018-11-28
Platanus,2018-11-29
Platanus,2018-11-30
Platanus,2018-12-01
Platanus,2018-12-02
Platanus,2018-12-03
Platanus,2018-12-04
Platanus,2018-12-05
Platanus,2018-12-06
Platanus,2018-12-07
Platanus,2018-12-08
Platanus,2018-12-09
Platanus,2018-12-10
Platanus,2018-12-11
Platanus,2018-12-12
Platanus,2018-12-13
Platanus,2018-12-14
Platanus,2018-12-15
Platanus,2018-12-16
Platanus,2018-12-17
Platanus,2018-12-18
Platanus,2018-12-19
Platanus,2018-12-20
Platanus,2018-12-21
Platanus,2018-12-22
Platanus,2018-12-23
Platanus,2018-12-24
Platanus,2018-12-25
Platanus,2018-12-26
Platanus,2018-12-27
Platanus,2018-12-28
Platanus,2018-12-29
Platanus,2018-12-30
Platanus,2018-12-31
Poaceae,2017-01-01
Poaceae,2017-01-02
Poaceae,2017-01-03
Poaceae,2017-01-04
Poaceae,2017-01-05
Poaceae,2017-01-06
Poaceae,2017-01-07
Poaceae,2017-01-08
Poaceae,2017-01-09
Poaceae,2017-01-10
Poaceae,2017-01-11
Poaceae,2017-01-12
Poaceae,2017-01-13
Poaceae,2017-01-14
Poaceae,2017-01-15
Poaceae,2017-01-16
Poaceae,2017-01-17
Poaceae,2017-01-18
Poaceae,2017-01-19
Poaceae,2017-01-20
Poaceae,2017-01-21
Poaceae,2017-01-22
Poaceae,2017-01-23
Poaceae,2017-01-24
Poaceae,2017-01-25
Poaceae,2017-01-26
Poaceae,2017-01-27
Poaceae,2017-01-28
Poaceae,2017-01-29
Poaceae,2017-01-30
Poaceae,2017-01-31
Poaceae,2017-02-01
Poaceae,2017-02-02
Poaceae,2017-02-03
Poaceae,2017-02-04
Poaceae,2017-02-05
Poaceae,2017-02-06
Poaceae,2017-02-07
Poaceae,2017-02-08
Poaceae,2017-02-09
Poaceae,2017-02-10
Poaceae,2017-02-11
Poaceae,2017-02-12
Poaceae,2017-02-13
Poaceae,2017-02-14
Poaceae,2017-02-15
Poaceae,2017-02-16
Poaceae,2017-02-17
Poaceae,2017-02-18
Poaceae,2017-02-19
Poaceae,2017-02-20
Poaceae,2017-02-21
Poaceae,2017-02-22
Poaceae,2017-02-23
Poaceae,2017-02-24
Poaceae,2017-02-25
Poaceae,2017-02-26
Poaceae,2017-02-27
Poaceae,2017-02-28
Poaceae,2017-03-01
Poaceae,2017-03-02
Poaceae,2017-03-03
Poaceae,2017-03-04
Poaceae,2017-03-05
Poaceae,2017-03-06
Poaceae,2017-03-07
Poaceae,2017-03-08
Poaceae,2017-03-09
Poaceae,2017-03-10
Poaceae,2017-03-11
Poaceae,2017-03-12
Poaceae,2017-03-13
Poaceae,2017-03-14
Poaceae,2017-03-15
Poaceae,2017-03-16
Poaceae,2017-03-17
Poaceae,2017-03-18
Poaceae,2017-03-19
Poaceae,2017-03-20
Poaceae,2017-03-21
Poaceae,2017-03-22
Poaceae,2017-03-23
Poaceae,2017-03-24
Poaceae,2017-03-25
Poaceae,2017-03-26
Poaceae,2017-03-27
Poaceae,2017-03-28
Poaceae,2017-03-29
Poaceae,2017-03-30
Poaceae,2017-03-31
Poaceae,2017-04-01
Poaceae,2017-04-02
Poaceae,2017-04-03
Poaceae,2017-04-04
Poaceae,2017-04-05
Poaceae,2017-04-06
Poaceae,2017-04-07
Poaceae,2017-04-08
Poaceae,2017-04-09
Poaceae,2017-04-10
Poaceae,2017-04-11
Poaceae,2017-04-12
Poaceae,2017-04-13
Poaceae,2017-04-14
Poaceae,2017-04-15
Poaceae,2017-04-16
Poaceae,2017-04-17
Poaceae,2017-04-18
Poaceae,2017-04-19
Poaceae,2017-04-20
Poaceae,2017-04-21
Poaceae,2017-04-22
Poaceae,2017-04-23
Poaceae,2017-04-24
Poaceae,2017-04-25
Poaceae,2017-04-26
Poaceae,2017-04-27
Poaceae,2017-04-28
Poaceae,2017-04-29
Poaceae,2017-04-30
Poaceae,2017-05-01
Poaceae,2017-05-02
Poaceae,2017-05-03
Poaceae,2017-05-04
Poaceae,2017-05-05
Poaceae,2017-05-06
Poaceae,2017-05-07
Poaceae,2017-05-08
Poaceae,2017-05-09
Poaceae,2017-05-10
Poaceae,2017-05-11
Poaceae,2017-05-12
Poaceae,2017-05-13
Poaceae,2017-05-14
Poaceae,2017-05-15
Poaceae,2017-05-16
Poaceae,2017-05-17
Poaceae,2017-05-18
Poaceae,2017-05-19
Poaceae,2017-05-20
Poaceae,2017-05-21
Poaceae,2017-05-22
Poaceae,2017-05-23
Poaceae,2017-05-24
Poaceae,2017-05-25
Poaceae,2017-05-26
Poaceae,2017-05-27
Poaceae,2017-05-28
Poaceae,2017-05-29
Poaceae,2017-05-30
Poaceae,2017-05-31
Poaceae,2017-06-01
Poaceae,2017-06-02
Poaceae,2017-06-03
Poaceae,2017-06-04
Poaceae,2017-06-05
Poaceae,2017-06-06
Poaceae,2017-06-07
Poaceae,2017-06-08
Poaceae,2017-06-09
Poaceae,2017-06-10
Poaceae,2017-06-11
Poaceae,2017-06-12
Poaceae,2017-06-13
Poaceae,2017-06-14
Poaceae,2017-06-15
Poaceae,2017-06-16
Poaceae,2017-06-17
Poaceae,2017-06-18
Poaceae,2017-06-19
Poaceae,2017-06-20
Poaceae,2017-06-21
Poaceae,2017-06-22
Poaceae,2017-06-23
Poaceae,2017-06-24
Poaceae,2017-06-25
Poaceae,2017-06-26
Poaceae,2017-06-27
Poaceae,2017-06-28
Poaceae,2017-06-29
Poaceae,2017-06-30
Poaceae,2017-07-01
Poaceae,2017-07-02
Poaceae,2017-07-03
Poaceae,2017-07-04
Poaceae,2017-07-05
Poaceae,2017-07-06
Poaceae,2017-07-07
Poaceae,2017-07-08
Poaceae,2017-07-09
Poaceae,2017-07-10
Poaceae,2017-07-11
Poaceae,2017-07-12
Poaceae,2017-07-13
Poaceae,2017-07-14
Poaceae,2017-07-15
Poaceae,2017-07-16
Poaceae,2017-07-17
Poaceae,2017-07-18
Poaceae,2017-07-19
Poaceae,2017-07-20
Poaceae,2017-07-21
Poaceae,2017-07-22
Poaceae,2017-07-23
Poaceae,2017-07-24
Poaceae,2017-07-25
Poaceae,2017-07-26
Poaceae,2017-07-27
Poaceae,2017-07-28
Poaceae,2017-07-29
Poaceae,2017-07-30
Poaceae,2017-07-31
Poaceae,2017-08-01
Poaceae,2017-08-02
Poaceae,2017-08-03
Poaceae,2017-08-04
Poaceae,2017-08-05
Poaceae,2017-08-06
Poaceae,2017-08-07
Poaceae,2017-08-08
Poaceae,2017-08-09
Poaceae,2017-08-10
Poaceae,2017-08-11
Poaceae,2017-08-12
Poaceae,2017-08-13
Poaceae,2017-08-14
Poaceae,2017-08-15
Poaceae,2017-08-16
Poaceae,2017-08-17
Poaceae,2017-08-18
Poaceae,2017-08-19
Poaceae,2017-08-20
Poaceae,2017-08-21
Poaceae,2017-08-22
Poaceae,2017-08-23
Poaceae,2017-08-24
Poaceae,2017-08-25
Poaceae,2017-08-26
Poaceae,2017-08-27
Poaceae,2017-08-28
Poaceae,2017-08-29
Poaceae,2017-08-30
Poaceae,2017-08-31
Poaceae,2017-09-01
Poaceae,2017-09-02
Poaceae,2017-09-03
Poaceae,2017-09-04
Poaceae,2017-09-05
Poaceae,2017-09-06
Poaceae,2017-09-07
Poaceae,2017-09-08
Poaceae,2017-09-09
Poaceae,2017-09-10
Poaceae,2017-09-11
Poaceae,2017-09-12
Poaceae,2017-09-13
Poaceae,2017-09-14
Poaceae,2017-09-15
Poaceae,2017-09-16
Poaceae,2017-09-17
Poaceae,2017-09-18
Poaceae,2017-09-19
Poaceae,2017-09-20
Poaceae,2017-09-21
Poaceae,2017-09-22
Poaceae,2017-09-23
Poaceae,2017-09-24
Poaceae,2017-09-25
Poaceae,2017-09-26
Poaceae,2017-09-27
Poaceae,2017-09-28
Poaceae,2017-09-29
Poaceae,2017-09-30
Poaceae,2017-10-01
Poaceae,2017-10-02
Poaceae,2017-10-03
Poaceae,2017-10-04
Poaceae,2017-10-05
Poaceae,2017-10-06
Poaceae,2017-10-07
Poaceae,2017-10-08
Poaceae,2017-10-09
Poaceae,2017-10-10
Poaceae,2017-10-11
Poaceae,2017-10-12
Poaceae,2017-10-13
Poaceae,2017-10-14
Poaceae,2017-10-15
Poaceae,2017-10-16
Poaceae,2017-10-17
Poaceae,2017-10-18
Poaceae,2017-10-19
Poaceae,2017-10-20
Poaceae,2017-10-21
Poaceae,2017-10-22
Poaceae,2017-10-23
Poaceae,2017-10-24
Poaceae,2017-10-25
Poaceae,2017-10-26
Poaceae,2017-10-27
Poaceae,2017-10-28
Poaceae,2017-10-29
Poaceae,2017-10-30
Poaceae,2017-10-31
Poaceae,2017-11-01
Poaceae,2017-11-02
Poaceae,2017-11-03
Poaceae,2017-11-04
Poaceae,2017-11-05
Poaceae,2017-11-06
Poaceae,2017-11-07
Poaceae,2017-11-08
Poaceae,2017-11-09
Poaceae,2017-11-10
Poaceae,2017-11-11
Poaceae,2017-11-12
Poaceae,2017-11-13
Poaceae,2017-11-14
Poaceae,2017-11-15
Poaceae,2017-11-16
Poaceae,2017-11-17
Poaceae,2017-11-18
Poaceae,2017-11-19
Poaceae,2017-11-20
Poaceae,2017-11-21
Poaceae,2017-11-22
Poaceae,2017-11-23
Poaceae,2017-11-24
Poaceae,2017-11-25
Poaceae,2017-11-26
Poaceae,2017-11-27
Poaceae,2017-11-28
Poaceae,2017-11-29
Poaceae,2017-11-30
Poaceae,2017-12-01
Poaceae,2017-12-02
Poaceae,2017-12-03
Poaceae,2017-12-04
Poaceae,2017-12-05
Poaceae,2017-12-06
Poaceae,2017-12-07
Poaceae,2017-12-08
Poaceae,2017-12-09
Poaceae,2017-12-10
Poaceae,2017-12-11
Poaceae,2017-12-12
Poaceae,2017-12-13
Poaceae,2017-12-14
Poaceae,2017-12-15
Poaceae,2017-12-16
Poaceae,2017-12-17
Poaceae,2017-12-18
Poaceae,2017-12-19
Poaceae,2017-12-20
Poaceae,2017-12-21
Poaceae,2017-12-22
Poaceae,2017-12-23
Poaceae,2017-12-24
Poaceae,2017-12-25
Poaceae,2017-12-26
Poaceae,2017-12-27
Poaceae,2017-12-28
Poaceae,2017-12-29
Poaceae,2017-12-30
Poaceae,2017-12-31
Poaceae,2018-01-01
Poaceae,2018-01-02
Poaceae,2018-01-03
Poaceae,2018-01-04
Poaceae,2018-01-05
Poaceae,2018-01-06
Poaceae,2018-01-07
Poaceae,2018-01-08
Poaceae,2018-01-09
Poaceae,2018-01-10
Poaceae,2018-01-11
Poaceae,2018-01-12
Poaceae,2018-01-13
Poaceae,2018-01-14
Poaceae,2018-01-15
Poaceae,2018-01-16
Poaceae,2018-01-17
Poaceae,2018-01-18
Poaceae,2018-01-19
Poaceae,2018-01-20
Poaceae,2018-01-21
Poaceae,2018-01-22
Poaceae,2018-01-23
Poaceae,2018-01-24
Poaceae,2018-01-25
Poaceae,2018-01-26
Poaceae,2018-01-27
Poaceae,2018-01-28
Poaceae,2018-01-29
Poaceae,2018-01-30
Poaceae,2018-01-31
Poaceae,2018-02-01
Poaceae,2018-02-02
Poaceae,2018-02-03
Poaceae,2018-02-04
Poaceae,2018-02-05
Poaceae,2018-02-06
Poaceae,2018-02-07
Poaceae,2018-02-08
Poaceae,2018-02-09
Poaceae,2018-02-10
Poaceae,2018-02-11
Poaceae,2018-02-12
Poaceae,2018-02-13
Poaceae,2018-02-14
Poaceae,2018-02-15
Poaceae,2018-02-16
Poaceae,2018-02-17
Poaceae,2018-02-18
Poaceae,2018-02-19
Poaceae,2018-02-20
Poaceae,2018-02-21
Poaceae,2018-02-22
Poaceae,2018-02-23
Poaceae,2018-02-24
Poaceae,2018-02-25
Poaceae,2018-02-26
Poaceae,2018-02-27
Poaceae,2018-02-28
Poaceae,2018-03-01
Poaceae,2018-03-02
Poaceae,2018-03-03
Poaceae,2018-03-04
Poaceae,2018-03-05
Poaceae,2018-03-06
Poaceae,2018-03-07
Poaceae,2018-03-08
Poaceae,2018-03-09
Poaceae,2018-03-10
Poaceae,2018-03-11
Poaceae,2018-03-12
Poaceae,2018-03-13
Poaceae,2018-03-14
Poaceae,2018-03-15
Poaceae,2018-03-16
Poaceae,2018-03-17
Poaceae,2018-03-18
Poaceae,2018-03-19
Poaceae,2018-03-20
Poaceae,2018-03-21
Poaceae,2018-03-22
Poaceae,2018-03-23
Poaceae,2018-03-24
Poaceae,2018-03-25
Poaceae,2018-03-26
Poaceae,2018-03-27
Poaceae,2018-03-28
Poaceae,2018-03-29
Poaceae,2018-03-30
Poaceae,2018-03-31
Poaceae,2018-04-01
Poaceae,2018-04-02
Poaceae,2018-04-03
Poaceae,2018-04-04
Poaceae,2018-04-05
Poaceae,2018-04-06
Poaceae,2018-04-07
Poaceae,2018-04-08
Poaceae,2018-04-09
Poaceae,2018-04-10
Poaceae,2018-04-11
Poaceae,2018-04-12
Poaceae,2018-04-13
Poaceae,2018-04-14
Poaceae,2018-04-15
Poaceae,2018-04-16
Poaceae,2018-04-17
Poaceae,2018-04-18
Poaceae,2018-04-19
Poaceae,2018-04-20
Poaceae,2018-04-21
Poaceae,2018-04-22
Poaceae,2018-04-23
Poaceae,2018-04-24
Poaceae,2018-04-25
Poaceae,2018-04-26
Poaceae,2018-04-27
Poaceae,2018-04-28
Poaceae,2018-04-29
Poaceae,2018-04-30
Poaceae,2018-05-01
Poaceae,2018-05-02
Poaceae,2018-05-03
Poaceae,2018-05-04
Poaceae,2018-05-05
Poaceae,2018-05-06
Poaceae,2018-05-07
Poaceae,2018-05-08
Poaceae,2018-05-09
Poaceae,2018-05-10
Poaceae,2018-05-11
Poaceae,2018-05-12
Poaceae,2018-05-13
Poaceae,2018-05-14
Poaceae,2018-05-15
Poaceae,2018-05-16
Poaceae,2018-05-17
Poaceae,2018-05-18
Poaceae,2018-05-19
Poaceae,2018-05-20
Poaceae,2018-05-21
Poaceae,2018-05-22
Poaceae,2018-05-23
Poaceae,2018-05-24
Poaceae,2018-05-25
Poaceae,2018-05-26
Poaceae,2018-05-27
Poaceae,2018-05-28
Poaceae,2018-05-29
Poaceae,2018-05-30
Poaceae,2018-05-31
Poaceae,2018-06-01
Poaceae,2018-06-02
Poaceae,2018-06-03
Poaceae,2018-06-04
Poaceae,2018-06-05
Poaceae,2018-06-06
Poaceae,2018-06-07
Poaceae,2018-06-08
Poaceae,2018-06-09
Poaceae,2018-06-10
Poaceae,2018-06-11
Poaceae,2018-06-12
Poaceae,2018-06-13
Poaceae,2018-06-14
Poaceae,2018-06-15
Poaceae,2018-06-16
Poaceae,2018-06-17
Poaceae,2018-06-18
Poaceae,2018-06-19
Poaceae,2018-06-20
Poaceae,2018-06-21
Poaceae,2018-06-22
Poaceae,2018-06-23
Poaceae,2018-06-24
Poaceae,2018-06-25
Poaceae,2018-06-26
Poaceae,2018-06-27
Poaceae,2018-06-28
Poaceae,2018-06-29
Poaceae,2018-06-30
Poaceae,2018-07-01
Poaceae,2018-07-02
Poaceae,2018-07-03
Poaceae,2018-07-04
Poaceae,2018-07-05
Poaceae,2018-07-06
Poaceae,2018-07-07
Poaceae,2018-07-08
Poaceae,2018-07-09
Poaceae,2018-07-10
Poaceae,2018-07-11
Poaceae,2018-07-12
Poaceae,2018-07-13
Poaceae,2018-07-14
Poaceae,2018-07-15
Poaceae,2018-07-16
Poaceae,2018-07-17
Poaceae,2018-07-18
Poaceae,2018-07-19
Poaceae,2018-07-20
Poaceae,2018-07-21
Poaceae,2018-07-22
Poaceae,2018-07-23
Poaceae,2018-07-24
Poaceae,2018-07-25
Poaceae,2018-07-26
Poaceae,2018-07-27
Poaceae,2018-07-28
Poaceae,2018-07-29
Poaceae,2018-07-30
Poaceae,2018-07-31
Poaceae,2018-08-01
Poaceae,2018-08-02
Poaceae,2018-08-03
Poaceae,2018-08-04
Poaceae,2018-08-05
Poaceae,2018-08-06
Poaceae,2018-08-07
Poaceae,2018-08-08
Poaceae,2018-08-09
Poaceae,2018-08-10
Poaceae,2018-08-11
Poaceae,2018-08-12
Poaceae,2018-08-13
Poaceae,2018-08-14
Poaceae,2018-08-15
Poaceae,2018-08-16
Poaceae,2018-08-17
Poaceae,2018-08-18
Poaceae,2018-08-19
Poaceae,2018-08-20
Poaceae,2018-08-21
Poaceae,2018-08-22
Poaceae,2018-08-23
Poaceae,2018-08-24
Poaceae,2018-08-25
Poaceae,2018-08-26
Poaceae,2018-08-27
Poaceae,2018-08-28
Poaceae,2018-08-29
Poaceae,2018-08-30
Poaceae,2018-08-31
Poaceae,2018-09-01
Poaceae,2018-09-02
Poaceae,2018-09-03
Poaceae,2018-09-04
Poaceae,2018-09-05
Poaceae,2018-09-06
Poaceae,2018-09-07
Poaceae,2018-09-08
Poaceae,2018-09-09
Poaceae,2018-09-10
Poaceae,2018-09-11
Poaceae,2018-09-12
Poaceae,2018-09-13
Poaceae,2018-09-14
Poaceae,2018-09-15
Poaceae,2018-09-16
Poaceae,2018-09-17
Poaceae,2018-09-18
Poaceae,2018-09-19
Poaceae,2018-09-20
Poaceae,2018-09-21
Poaceae,2018-09-22
Poaceae,2018-09-23
Poaceae,2018-09-24
Poaceae,2018-09-25
Poaceae,2018-09-26
Poaceae,2018-09-27
Poaceae,2018-09-28
Poaceae,2018-09-29
Poaceae,2018-09-30
Poaceae,2018-10-01
Poaceae,2018-10-02
Poaceae,2018-10-03
Poaceae,2018-10-04
Poaceae,2018-10-05
Poaceae,2018-10-06
Poaceae,2018-10-07
Poaceae,2018-10-08
Poaceae,2018-10-09
Poaceae,2018-10-10
Poaceae,2018-10-11
Poaceae,2018-10-12
Poaceae,2018-10-13
Poaceae,2018-10-14
Poaceae,2018-10-15
Poaceae,2018-10-16
Poaceae,2018-10-17
Poaceae,2018-10-18
Poaceae,2018-10-19
Poaceae,2018-10-20
Poaceae,2018-10-21
Poaceae,2018-10-22
Poaceae,2018-10-23
Poaceae,2018-10-24
Poaceae,2018-10-25
Poaceae,2018-10-26
Poaceae,2018-10-27
Poaceae,2018-10-28
Poaceae,2018-10-29
Poaceae,2018-10-30
Poaceae,2018-10-31
Poaceae,2018-11-01
Poaceae,2018-11-02
Poaceae,2018-11-03
Poaceae,2018-11-04
Poaceae,2018-11-05
Poaceae,2018-11-06
Poaceae,2018-11-07
Poaceae,2018-11-08
Poaceae,2018-11-09
Poaceae,2018-11-10
Poaceae,2018-11-11
Poaceae,2018-11-12
Poaceae,2018-11-13
Poaceae,2018-11-14
Poaceae,2018-11-15
Poaceae,2018-11-16
Poaceae,2018-11-17
Poaceae,2018-11-18
Poaceae,2018-11-19
Poaceae,2018-11-20
Poaceae,2018-11-21
Poaceae,2018-11-22
Poaceae,2018-11-23
Poaceae,2018-11-24
Poaceae,2018-11-25
Poaceae,2018-11-26
Poaceae,2018-11-27
Poaceae,2018-11-28
Poaceae,2018-11-29
Poaceae,2018-11-30
Poaceae,2018-12-01
Poaceae,2018-12-02
Poaceae,2018-12-03
Poaceae,2018-12-04
Poaceae,2018-12-05
Poaceae,2018-12-06
Poaceae,2018-12-07
Poaceae,2018-12-08
Poaceae,2018-12-09
Poaceae,2018-12-10
Poaceae,2018-12-11
Poaceae,2018-12-12
Poaceae,2018-12-13
Poaceae,2018-12-14
Poaceae,2018-12-15
Poaceae,2018-12-16
Poaceae,2018-12-17
Poaceae,2018-12-18
Poaceae,2018-12-19
Poaceae,2018-12-20
Poaceae,2018-12-21
Poaceae,2018-12-22
Poaceae,2018-12-23
Poaceae,2018-12-24
Poaceae,2018-12-25
Poaceae,2018-12-26
Poaceae,2018-12-27
Poaceae,2018-12-28
Poaceae,2018-12-29
Poaceae,2018-12-30
Poaceae,2018-12-31
Pressure.max,2017-01-01
Pressure.max,2017-01-02
Pressure.max,2017-01-03
Pressure.max,2017-01-04
Pressure.max,2017-01-05
Pressure.max,2017-01-06
Pressure.max,2017-01-07
Pressure.max,2017-01-08
Pressure.max,2017-01-09
Pressure.max,2017-01-10
Pressure.max,2017-01-11
Pressure.max,2017-01-12
Pressure.max,2017-01-13
Pressure.max,2017-01-14
Pressure.max,2017-01-15
Pressure.max,2017-01-16
Pressure.max,2017-01-17
Pressure.max,2017-01-18
Pressure.max,2017-01-19
Pressure.max,2017-01-20
Pressure.max,2017-01-21
Pressure.max,2017-01-22
Pressure.max,2017-01-23
Pressure.max,2017-01-24
Pressure.max,2017-01-25
Pressure.max,2017-01-26
Pressure.max,2017-01-27
Pressure.max,2017-01-28
Pressure.max,2017-01-29
Pressure.max,2017-01-30
Pressure.max,2017-01-31
Pressure.max,2017-02-01
Pressure.max,2017-02-02
Pressure.max,2017-02-03
Pressure.max,2017-02-04
Pressure.max,2017-02-05
Pressure.max,2017-02-06
Pressure.max,2017-02-07
Pressure.max,2017-02-08
Pressure.max,2017-02-09
Pressure.max,2017-02-10
Pressure.max,2017-02-11
Pressure.max,2017-02-12
Pressure.max,2017-02-13
Pressure.max,2017-02-14
Pressure.max,2017-02-15
Pressure.max,2017-02-16
Pressure.max,2017-02-17
Pressure.max,2017-02-18
Pressure.max,2017-02-19
Pressure.max,2017-02-20
Pressure.max,2017-02-21
Pressure.max,2017-02-22
Pressure.max,2017-02-23
Pressure.max,2017-02-24
Pressure.max,2017-02-25
Pressure.max,2017-02-26
Pressure.max,2017-02-27
Pressure.max,2017-02-28
Pressure.max,2017-03-01
Pressure.max,2017-03-02
Pressure.max,2017-03-03
Pressure.max,2017-03-04
Pressure.max,2017-03-05
Pressure.max,2017-03-06
Pressure.max,2017-03-07
Pressure.max,2017-03-08
Pressure.max,2017-03-09
Pressure.max,2017-03-10
Pressure.max,2017-03-11
Pressure.max,2017-03-12
Pressure.max,2017-03-13
Pressure.max,2017-03-14
Pressure.max,2017-03-15
Pressure.max,2017-03-16
Pressure.max,2017-03-17
Pressure.max,2017-03-18
Pressure.max,2017-03-19
Pressure.max,2017-03-20
Pressure.max,2017-03-21
Pressure.max,2017-03-22
Pressure.max,2017-03-23
Pressure.max,2017-03-24
Pressure.max,2017-03-25
Pressure.max,2017-03-26
Pressure.max,2017-03-27
Pressure.max,2017-03-28
Pressure.max,2017-03-29
Pressure.max,2017-03-30
Pressure.max,2017-03-31
Pressure.max,2017-04-01
Pressure.max,2017-04-02
Pressure.max,2017-04-03
Pressure.max,2017-04-04
Pressure.max,2017-04-05
Pressure.max,2017-04-06
Pressure.max,2017-04-07
Pressure.max,2017-04-08
Pressure.max,2017-04-09
Pressure.max,2017-04-10
Pressure.max,2017-04-11
Pressure.max,2017-04-12
Pressure.max,2017-04-13
Pressure.max,2017-04-14
Pressure.max,2017-04-15
Pressure.max,2017-04-16
Pressure.max,2017-04-17
Pressure.max,2017-04-18
Pressure.max,2017-04-19
Pressure.max,2017-04-20
Pressure.max,2017-04-21
Pressure.max,2017-04-22
Pressure.max,2017-04-23
Pressure.max,2017-04-24
Pressure.max,2017-04-25
Pressure.max,2017-04-26
Pressure.max,2017-04-27
Pressure.max,2017-04-28
Pressure.max,2017-04-29
Pressure.max,2017-04-30
Pressure.max,2017-05-01
Pressure.max,2017-05-02
Pressure.max,2017-05-03
Pressure.max,2017-05-04
Pressure.max,2017-05-05
Pressure.max,2017-05-06
Pressure.max,2017-05-07
Pressure.max,2017-05-08
Pressure.max,2017-05-09
Pressure.max,2017-05-10
Pressure.max,2017-05-11
Pressure.max,2017-05-12
Pressure.max,2017-05-13
Pressure.max,2017-05-14
Pressure.max,2017-05-15
Pressure.max,2017-05-16
Pressure.max,2017-05-17
Pressure.max,2017-05-18
Pressure.max,2017-05-19
Pressure.max,2017-05-20
Pressure.max,2017-05-21
Pressure.max,2017-05-22
Pressure.max,2017-05-23
Pressure.max,2017-05-24
Pressure.max,2017-05-25
Pressure.max,2017-05-26
Pressure.max,2017-05-27
Pressure.max,2017-05-28
Pressure.max,2017-05-29
Pressure.max,2017-05-30
Pressure.max,2017-05-31
Pressure.max,2017-06-01
Pressure.max,2017-06-02
Pressure.max,2017-06-03
Pressure.max,2017-06-04
Pressure.max,2017-06-05
Pressure.max,2017-06-06
Pressure.max,2017-06-07
Pressure.max,2017-06-08
Pressure.max,2017-06-09
Pressure.max,2017-06-10
Pressure.max,2017-06-11
Pressure.max,2017-06-12
Pressure.max,2017-06-13
Pressure.max,2017-06-14
Pressure.max,2017-06-15
Pressure.max,2017-06-16
Pressure.max,2017-06-17
Pressure.max,2017-06-18
Pressure.max,2017-06-19
Pressure.max,2017-06-20
Pressure.max,2017-06-21
Pressure.max,2017-06-22
Pressure.max,2017-06-23
Pressure.max,2017-06-24
Pressure.max,2017-06-25
Pressure.max,2017-06-26
Pressure.max,2017-06-27
Pressure.max,2017-06-28
Pressure.max,2017-06-29
Pressure.max,2017-06-30
Pressure.max,2017-07-01
Pressure.max,2017-07-02
Pressure.max,2017-07-03
Pressure.max,2017-07-04
Pressure.max,2017-07-05
Pressure.max,2017-07-06
Pressure.max,2017-07-07
Pressure.max,2017-07-08
Pressure.max,2017-07-09
Pressure.max,2017-07-10
Pressure.max,2017-07-11
Pressure.max,2017-07-12
Pressure.max,2017-07-13
Pressure.max,2017-07-14
Pressure.max,2017-07-15
Pressure.max,2017-07-16
Pressure.max,2017-07-17
Pressure.max,2017-07-18
Pressure.max,2017-07-19
Pressure.max,2017-07-20
Pressure.max,2017-07-21
Pressure.max,2017-07-22
Pressure.max,2017-07-23
Pressure.max,2017-07-24
Pressure.max,2017-07-25
Pressure.max,2017-07-26
Pressure.max,2017-07-27
Pressure.max,2017-07-28
Pressure.max,2017-07-29
Pressure.max,2017-07-30
Pressure.max,2017-07-31
Pressure.max,2017-08-01
Pressure.max,2017-08-02
Pressure.max,2017-08-03
Pressure.max,2017-08-04
Pressure.max,2017-08-05
Pressure.max,2017-08-06
Pressure.max,2017-08-07
Pressure.max,2017-08-08
Pressure.max,2017-08-09
Pressure.max,2017-08-10
Pressure.max,2017-08-11
Pressure.max,2017-08-12
Pressure.max,2017-08-13
Pressure.max,2017-08-14
Pressure.max,2017-08-15
Pressure.max,2017-08-16
Pressure.max,2017-08-17
Pressure.max,2017-08-18
Pressure.max,2017-08-19
Pressure.max,2017-08-20
Pressure.max,2017-08-21
Pressure.max,2017-08-22
Pressure.max,2017-08-23
Pressure.max,2017-08-24
Pressure.max,2017-08-25
Pressure.max,2017-08-26
Pressure.max,2017-08-27
Pressure.max,2017-08-28
Pressure.max,2017-08-29
Pressure.max,2017-08-30
Pressure.max,2017-08-31
Pressure.max,2017-09-01
Pressure.max,2017-09-02
Pressure.max,2017-09-03
Pressure.max,2017-09-04
Pressure.max,2017-09-05
Pressure.max,2017-09-06
Pressure.max,2017-09-07
Pressure.max,2017-09-08
Pressure.max,2017-09-09
Pressure.max,2017-09-10
Pressure.max,2017-09-11
Pressure.max,2017-09-12
Pressure.max,2017-09-13
Pressure.max,2017-09-14
Pressure.max,2017-09-15
Pressure.max,2017-09-16
Pressure.max,2017-09-17
Pressure.max,2017-09-18
Pressure.max,2017-09-19
Pressure.max,2017-09-20
Pressure.max,2017-09-21
Pressure.max,2017-09-22
Pressure.max,2017-09-23
Pressure.max,2017-09-24
Pressure.max,2017-09-25
Pressure.max,2017-09-26
Pressure.max,2017-09-27
Pressure.max,2017-09-28
Pressure.max,2017-09-29
Pressure.max,2017-09-30
Pressure.max,2017-10-01
Pressure.max,2017-10-02
Pressure.max,2017-10-03
Pressure.max,2017-10-04
Pressure.max,2017-10-05
Pressure.max,2017-10-06
Pressure.max,2017-10-07
Pressure.max,2017-10-08
Pressure.max,2017-10-09
Pressure.max,2017-10-10
Pressure.max,2017-10-11
Pressure.max,2017-10-12
Pressure.max,2017-10-13
Pressure.max,2017-10-14
Pressure.max,2017-10-15
Pressure.max,2017-10-16
Pressure.max,2017-10-17
Pressure.max,2017-10-18
Pressure.max,2017-10-19
Pressure.max,2017-10-20
Pressure.max,2017-10-21
Pressure.max,2017-10-22
Pressure.max,2017-10-23
Pressure.max,2017-10-24
Pressure.max,2017-10-25
Pressure.max,2017-10-26
Pressure.max,2017-10-27
Pressure.max,2017-10-28
Pressure.max,2017-10-29
Pressure.max,2017-10-30
Pressure.max,2017-10-31
Pressure.max,2017-11-01
Pressure.max,2017-11-02
Pressure.max,2017-11-03
Pressure.max,2017-11-04
Pressure.max,2017-11-05
Pressure.max,2017-11-06
Pressure.max,2017-11-07
Pressure.max,2017-11-08
Pressure.max,2017-11-09
Pressure.max,2017-11-10
Pressure.max,2017-11-11
Pressure.max,2017-11-12
Pressure.max,2017-11-13
Pressure.max,2017-11-14
Pressure.max,2017-11-15
Pressure.max,2017-11-16
Pressure.max,2017-11-17
Pressure.max,2017-11-18
Pressure.max,2017-11-19
Pressure.max,2017-11-20
Pressure.max,2017-11-21
Pressure.max,2017-11-22
Pressure.max,2017-11-23
Pressure.max,2017-11-24
Pressure.max,2017-11-25
Pressure.max,2017-11-26
Pressure.max,2017-11-27
Pressure.max,2017-11-28
Pressure.max,2017-11-29
Pressure.max,2017-11-30
Pressure.max,2017-12-01
Pressure.max,2017-12-02
Pressure.max,2017-12-03
Pressure.max,2017-12-04
Pressure.max,2017-12-05
Pressure.max,2017-12-06
Pressure.max,2017-12-07
Pressure.max,2017-12-08
Pressure.max,2017-12-09
Pressure.max,2017-12-10
Pressure.max,2017-12-11
Pressure.max,2017-12-12
Pressure.max,2017-12-13
Pressure.max,2017-12-14
Pressure.max,2017-12-15
Pressure.max,2017-12-16
Pressure.max,2017-12-17
Pressure.max,2017-12-18
Pressure.max,2017-12-19
Pressure.max,2017-12-20
Pressure.max,2017-12-21
Pressure.max,2017-12-22
Pressure.max,2017-12-23
Pressure.max,2017-12-24
Pressure.max,2017-12-25
Pressure.max,2017-12-26
Pressure.max,2017-12-27
Pressure.max,2017-12-28
Pressure.max,2017-12-29
Pressure.max,2017-12-30
Pressure.max,2017-12-31
Pressure.max,2018-01-01
Pressure.max,2018-01-02
Pressure.max,2018-01-03
Pressure.max,2018-01-04
Pressure.max,2018-01-05
Pressure.max,2018-01-06
Pressure.max,2018-01-07
Pressure.max,2018-01-08
Pressure.max,2018-01-09
Pressure.max,2018-01-10
Pressure.max,2018-01-11
Pressure.max,2018-01-12
Pressure.max,2018-01-13
Pressure.max,2018-01-14
Pressure.max,2018-01-15
Pressure.max,2018-01-16
Pressure.max,2018-01-17
Pressure.max,2018-01-18
Pressure.max,2018-01-19
Pressure.max,2018-01-20
Pressure.max,2018-01-21
Pressure.max,2018-01-22
Pressure.max,2018-01-23
Pressure.max,2018-01-24
Pressure.max,2018-01-25
Pressure.max,2018-01-26
Pressure.max,2018-01-27
Pressure.max,2018-01-28
Pressure.max,2018-01-29
Pressure.max,2018-01-30
Pressure.max,2018-01-31
Pressure.max,2018-02-01
Pressure.max,2018-02-02
Pressure.max,2018-02-03
Pressure.max,2018-02-04
Pressure.max,2018-02-05
Pressure.max,2018-02-06
Pressure.max,2018-02-07
Pressure.max,2018-02-08
Pressure.max,2018-02-09
Pressure.max,2018-02-10
Pressure.max,2018-02-11
Pressure.max,2018-02-12
Pressure.max,2018-02-13
Pressure.max,2018-02-14
Pressure.max,2018-02-15
Pressure.max,2018-02-16
Pressure.max,2018-02-17
Pressure.max,2018-02-18
Pressure.max,2018-02-19
Pressure.max,2018-02-20
Pressure.max,2018-02-21
Pressure.max,2018-02-22
Pressure.max,2018-02-23
Pressure.max,2018-02-24
Pressure.max,2018-02-25
Pressure.max,2018-02-26
Pressure.max,2018-02-27
Pressure.max,2018-02-28
Pressure.max,2018-03-01
Pressure.max,2018-03-02
Pressure.max,2018-03-03
Pressure.max,2018-03-04
Pressure.max,2018-03-05
Pressure.max,2018-03-06
Pressure.max,2018-03-07
Pressure.max,2018-03-08
Pressure.max,2018-03-09
Pressure.max,2018-03-10
Pressure.max,2018-03-11
Pressure.max,2018-03-12
Pressure.max,2018-03-13
Pressure.max,2018-03-14
Pressure.max,2018-03-15
Pressure.max,2018-03-16
Pressure.max,2018-03-17
Pressure.max,2018-03-18
Pressure.max,2018-03-19
Pressure.max,2018-03-20
Pressure.max,2018-03-21
Pressure.max,2018-03-22
Pressure.max,2018-03-23
Pressure.max,2018-03-24
Pressure.max,2018-03-25
Pressure.max,2018-03-26
Pressure.max,2018-03-27
Pressure.max,2018-03-28
Pressure.max,2018-03-29
Pressure.max,2018-03-30
Pressure.max,2018-03-31
Pressure.max,2018-04-01
Pressure.max,2018-04-02
Pressure.max,2018-04-03
Pressure.max,2018-04-04
Pressure.max,2018-04-05
Pressure.max,2018-04-06
Pressure.max,2018-04-07
Pressure.max,2018-04-08
Pressure.max,2018-04-09
Pressure.max,2018-04-10
Pressure.max,2018-04-11
Pressure.max,2018-04-12
Pressure.max,2018-04-13
Pressure.max,2018-04-14
Pressure.max,2018-04-15
Pressure.max,2018-04-16
Pressure.max,2018-04-17
Pressure.max,2018-04-18
Pressure.max,2018-04-19
Pressure.max,2018-04-20
Pressure.max,2018-04-21
Pressure.max,2018-04-22
Pressure.max,2018-04-23
Pressure.max,2018-04-24
Pressure.max,2018-04-25
Pressure.max,2018-04-26
Pressure.max,2018-04-27
Pressure.max,2018-04-28
Pressure.max,2018-04-29
Pressure.max,2018-04-30
Pressure.max,2018-05-01
Pressure.max,2018-05-02
Pressure.max,2018-05-03
Pressure.max,2018-05-04
Pressure.max,2018-05-05
Pressure.max,2018-05-06
Pressure.max,2018-05-07
Pressure.max,2018-05-08
Pressure.max,2018-05-09
Pressure.max,2018-05-10
Pressure.max,2018-05-11
Pressure.max,2018-05-12
Pressure.max,2018-05-13
Pressure.max,2018-05-14
Pressure.max,2018-05-15
Pressure.max,2018-05-16
Pressure.max,2018-05-17
Pressure.max,2018-05-18
Pressure.max,2018-05-19
Pressure.max,2018-05-20
Pressure.max,2018-05-21
Pressure.max,2018-05-22
Pressure.max,2018-05-23
Pressure.max,2018-05-24
Pressure.max,2018-05-25
Pressure.max,2018-05-26
Pressure.max,2018-05-27
Pressure.max,2018-05-28
Pressure.max,2018-05-29
Pressure.max,2018-05-30
Pressure.max,2018-05-31
Pressure.max,2018-06-01
Pressure.max,2018-06-02
Pressure.max,2018-06-03
Pressure.max,2018-06-04
Pressure.max,2018-06-05
Pressure.max,2018-06-06
Pressure.max,2018-06-07
Pressure.max,2018-06-08
Pressure.max,2018-06-09
Pressure.max,2018-06-10
Pressure.max,2018-06-11
Pressure.max,2018-06-12
Pressure.max,2018-06-13
Pressure.max,2018-06-14
Pressure.max,2018-06-15
Pressure.max,2018-06-16
Pressure.max,2018-06-17
Pressure.max,2018-06-18
Pressure.max,2018-06-19
Pressure.max,2018-06-20
Pressure.max,2018-06-21
Pressure.max,2018-06-22
Pressure.max,2018-06-23
Pressure.max,2018-06-24
Pressure.max,2018-06-25
Pressure.max,2018-06-26
Pressure.max,2018-06-27
Pressure.max,2018-06-28
Pressure.max,2018-06-29
Pressure.max,2018-06-30
Pressure.max,2018-07-01
Pressure.max,2018-07-02
Pressure.max,2018-07-03
Pressure.max,2018-07-04
Pressure.max,2018-07-05
Pressure.max,2018-07-06
Pressure.max,2018-07-07
Pressure.max,2018-07-08
Pressure.max,2018-07-09
Pressure.max,2018-07-10
Pressure.max,2018-07-11
Pressure.max,2018-07-12
Pressure.max,2018-07-13
Pressure.max,2018-07-14
Pressure.max,2018-07-15
Pressure.max,2018-07-16
Pressure.max,2018-07-17
Pressure.max,2018-07-18
Pressure.max,2018-07-19
Pressure.max,2018-07-20
Pressure.max,2018-07-21
Pressure.max,2018-07-22
Pressure.max,2018-07-23
Pressure.max,2018-07-24
Pressure.max,2018-07-25
Pressure.max,2018-07-26
Pressure.max,2018-07-27
Pressure.max,2018-07-28
Pressure.max,2018-07-29
Pressure.max,2018-07-30
Pressure.max,2018-07-31
Pressure.max,2018-08-01
Pressure.max,2018-08-02
Pressure.max,2018-08-03
Pressure.max,2018-08-04
Pressure.max,2018-08-05
Pressure.max,2018-08-06
Pressure.max,2018-08-07
Pressure.max,2018-08-08
Pressure.max,2018-08-09
Pressure.max,2018-08-10
Pressure.max,2018-08-11
Pressure.max,2018-08-12
Pressure.max,2018-08-13
Pressure.max,2018-08-14
Pressure.max,2018-08-15
Pressure.max,2018-08-16
Pressure.max,2018-08-17
Pressure.max,2018-08-18
Pressure.max,2018-08-19
Pressure.max,2018-08-20
Pressure.max,2018-08-21
Pressure.max,2018-08-22
Pressure.max,2018-08-23
Pressure.max,2018-08-24
Pressure.max,2018-08-25
Pressure.max,2018-08-26
Pressure.max,2018-08-27
Pressure.max,2018-08-28
Pressure.max,2018-08-29
Pressure.max,2018-08-30
Pressure.max,2018-08-31
Pressure.max,2018-09-01
Pressure.max,2018-09-02
Pressure.max,2018-09-03
Pressure.max,2018-09-04
Pressure.max,2018-09-05
Pressure.max,2018-09-06
Pressure.max,2018-09-07
Pressure.max,2018-09-08
Pressure.max,2018-09-09
Pressure.max,2018-09-10
Pressure.max,2018-09-11
Pressure.max,2018-09-12
Pressure.max,2018-09-13
Pressure.max,2018-09-14
Pressure.max,2018-09-15
Pressure.max,2018-09-16
Pressure.max,2018-09-17
Pressure.max,2018-09-18
Pressure.max,2018-09-19
Pressure.max,2018-09-20
Pressure.max,2018-09-21
Pressure.max,2018-09-22
Pressure.max,2018-09-23
Pressure.max,2018-09-24
Pressure.max,2018-09-25
Pressure.max,2018-09-26
Pressure.max,2018-09-27
Pressure.max,2018-09-28
Pressure.max,2018-09-29
Pressure.max,2018-09-30
Pressure.max,2018-10-01
Pressure.max,2018-10-02
Pressure.max,2018-10-03
Pressure.max,2018-10-04
Pressure.max,2018-10-05
Pressure.max,2018-10-06
Pressure.max,2018-10-07
Pressure.max,2018-10-08
Pressure.max,2018-10-09
Pressure.max,2018-10-10
Pressure.max,2018-10-11
Pressure.max,2018-10-12
Pressure.max,2018-10-13
Pressure.max,2018-10-14
Pressure.max,2018-10-15
Pressure.max,2018-10-16
Pressure.max,2018-10-17
Pressure.max,2018-10-18
Pressure.max,2018-10-19
Pressure.max,2018-10-20
Pressure.max,2018-10-21
Pressure.max,2018-10-22
Pressure.max,2018-10-23
Pressure.max,2018-10-24
Pressure.max,2018-10-25
Pressure.max,2018-10-26
Pressure.max,2018-10-27
Pressure.max,2018-10-28
Pressure.max,2018-10-29
Pressure.max,2018-10-30
Pressure.max,2018-10-31
Pressure.max,2018-11-01
Pressure.max,2018-11-02
Pressure.max,2018-11-03
Pressure.max,2018-11-04
Pressure.max,2018-11-05
Pressure.max,2018-11-06
Pressure.max,2018-11-07
Pressure.max,2018-11-08
Pressure.max,2018-11-09
Pressure.max,2018-11-10
Pressure.max,2018-11-11
Pressure.max,2018-11-12
Pressure.max,2018-11-13
Pressure.max,2018-11-14
Pressure.max,2018-11-15
Pressure.max,2018-11-16
Pressure.max,2018-11-17
Pressure.max,2018-11-18
Pressure.max,2018-11-19
Pressure.max,2018-11-20
Pressure.max,2018-11-21
Pressure.max,2018-11-22
Pressure.max,2018-11-23
Pressure.max,2018-11-24
Pressure.max,2018-11-25
Pressure.max,2018-11-26
Pressure.max,2018-11-27
Pressure.max,2018-11-28
Pressure.max,2018-11-29
Pressure.max,2018-11-30
Pressure.max,2018-12-01
Pressure.max,2018-12-02
Pressure.max,2018-12-03
Pressure.max,2018-12-04
Pressure.max,2018-12-05
Pressure.max,2018-12-06
Pressure.max,2018-12-07
Pressure.max,2018-12-08
Pressure.max,2018-12-09
Pressure.max,2018-12-10
Pressure.max,2018-12-11
Pressure.max,2018-12-12
Pressure.max,2018-12-13
Pressure.max,2018-12-14
Pressure.max,2018-12-15
Pressure.max,2018-12-16
Pressure.max,2018-12-17
Pressure.max,2018-12-18
Pressure.max,2018-12-19
Pressure.max,2018-12-20
Pressure.max,2018-12-21
Pressure.max,2018-12-22
Pressure.max,2018-12-23
Pressure.max,2018-12-24
Pressure.max,2018-12-25
Pressure.max,2018-12-26
Pressure.max,2018-12-27
Pressure.max,2018-12-28
Pressure.max,2018-12-29
Pressure.max,2018-12-30
Pressure.max,2018-12-31
Pressure.mean,2017-01-01
Pressure.mean,2017-01-02
Pressure.mean,2017-01-03
Pressure.mean,2017-01-04
Pressure.mean,2017-01-05
Pressure.mean,2017-01-06
Pressure.mean,2017-01-07
Pressure.mean,2017-01-08
Pressure.mean,2017-01-09
Pressure.mean,2017-01-10
Pressure.mean,2017-01-11
Pressure.mean,2017-01-12
Pressure.mean,2017-01-13
Pressure.mean,2017-01-14
Pressure.mean,2017-01-15
Pressure.mean,2017-01-16
Pressure.mean,2017-01-17
Pressure.mean,2017-01-18
Pressure.mean,2017-01-19
Pressure.mean,2017-01-20
Pressure.mean,2017-01-21
Pressure.mean,2017-01-22
Pressure.mean,2017-01-23
Pressure.mean,2017-01-24
Pressure.mean,2017-01-25
Pressure.mean,2017-01-26
Pressure.mean,2017-01-27
Pressure.mean,2017-01-28
Pressure.mean,2017-01-29
Pressure.mean,2017-01-30
Pressure.mean,2017-01-31
Pressure.mean,2017-02-01
Pressure.mean,2017-02-02
Pressure.mean,2017-02-03
Pressure.mean,2017-02-04
Pressure.mean,2017-02-05
Pressure.mean,2017-02-06
Pressure.mean,2017-02-07
Pressure.mean,2017-02-08
Pressure.mean,2017-02-09
Pressure.mean,2017-02-10
Pressure.mean,2017-02-11
Pressure.mean,2017-02-12
Pressure.mean,2017-02-13
Pressure.mean,2017-02-14
Pressure.mean,2017-02-15
Pressure.mean,2017-02-16
Pressure.mean,2017-02-17
Pressure.mean,2017-02-18
Pressure.mean,2017-02-19
Pressure.mean,2017-02-20
Pressure.mean,2017-02-21
Pressure.mean,2017-02-22
Pressure.mean,2017-02-23
Pressure.mean,2017-02-24
Pressure.mean,2017-02-25
Pressure.mean,2017-02-26
Pressure.mean,2017-02-27
Pressure.mean,2017-02-28
Pressure.mean,2017-03-01
Pressure.mean,2017-03-02
Pressure.mean,2017-03-03
Pressure.mean,2017-03-04
Pressure.mean,2017-03-05
Pressure.mean,2017-03-06
Pressure.mean,2017-03-07
Pressure.mean,2017-03-08
Pressure.mean,2017-03-09
Pressure.mean,2017-03-10
Pressure.mean,2017-03-11
Pressure.mean,2017-03-12
Pressure.mean,2017-03-13
Pressure.mean,2017-03-14
Pressure.mean,2017-03-15
Pressure.mean,2017-03-16
Pressure.mean,2017-03-17
Pressure.mean,2017-03-18
Pressure.mean,2017-03-19
Pressure.mean,2017-03-20
Pressure.mean,2017-03-21
Pressure.mean,2017-03-22
Pressure.mean,2017-03-23
Pressure.mean,2017-03-24
Pressure.mean,2017-03-25
Pressure.mean,2017-03-26
Pressure.mean,2017-03-27
Pressure.mean,2017-03-28
Pressure.mean,2017-03-29
Pressure.mean,2017-03-30
Pressure.mean,2017-03-31
Pressure.mean,2017-04-01
Pressure.mean,2017-04-02
Pressure.mean,2017-04-03
Pressure.mean,2017-04-04
Pressure.mean,2017-04-05
Pressure.mean,2017-04-06
Pressure.mean,2017-04-07
Pressure.mean,2017-04-08
Pressure.mean,2017-04-09
Pressure.mean,2017-04-10
Pressure.mean,2017-04-11
Pressure.mean,2017-04-12
Pressure.mean,2017-04-13
Pressure.mean,2017-04-14
Pressure.mean,2017-04-15
Pressure.mean,2017-04-16
Pressure.mean,2017-04-17
Pressure.mean,2017-04-18
Pressure.mean,2017-04-19
Pressure.mean,2017-04-20
Pressure.mean,2017-04-21
Pressure.mean,2017-04-22
Pressure.mean,2017-04-23
Pressure.mean,2017-04-24
Pressure.mean,2017-04-25
Pressure.mean,2017-04-26
Pressure.mean,2017-04-27
Pressure.mean,2017-04-28
Pressure.mean,2017-04-29
Pressure.mean,2017-04-30
Pressure.mean,2017-05-01
Pressure.mean,2017-05-02
Pressure.mean,2017-05-03
Pressure.mean,2017-05-04
Pressure.mean,2017-05-05
Pressure.mean,2017-05-06
Pressure.mean,2017-05-07
Pressure.mean,2017-05-08
Pressure.mean,2017-05-09
Pressure.mean,2017-05-10
Pressure.mean,2017-05-11
Pressure.mean,2017-05-12
Pressure.mean,2017-05-13
Pressure.mean,2017-05-14
Pressure.mean,2017-05-15
Pressure.mean,2017-05-16
Pressure.mean,2017-05-17
Pressure.mean,2017-05-18
Pressure.mean,2017-05-19
Pressure.mean,2017-05-20
Pressure.mean,2017-05-21
Pressure.mean,2017-05-22
Pressure.mean,2017-05-23
Pressure.mean,2017-05-24
Pressure.mean,2017-05-25
Pressure.mean,2017-05-26
Pressure.mean,2017-05-27
Pressure.mean,2017-05-28
Pressure.mean,2017-05-29
Pressure.mean,2017-05-30
Pressure.mean,2017-05-31
Pressure.mean,2017-06-01
Pressure.mean,2017-06-02
Pressure.mean,2017-06-03
Pressure.mean,2017-06-04
Pressure.mean,2017-06-05
Pressure.mean,2017-06-06
Pressure.mean,2017-06-07
Pressure.mean,2017-06-08
Pressure.mean,2017-06-09
Pressure.mean,2017-06-10
Pressure.mean,2017-06-11
Pressure.mean,2017-06-12
Pressure.mean,2017-06-13
Pressure.mean,2017-06-14
Pressure.mean,2017-06-15
Pressure.mean,2017-06-16
Pressure.mean,2017-06-17
Pressure.mean,2017-06-18
Pressure.mean,2017-06-19
Pressure.mean,2017-06-20
Pressure.mean,2017-06-21
Pressure.mean,2017-06-22
Pressure.mean,2017-06-23
Pressure.mean,2017-06-24
Pressure.mean,2017-06-25
Pressure.mean,2017-06-26
Pressure.mean,2017-06-27
Pressure.mean,2017-06-28
Pressure.mean,2017-06-29
Pressure.mean,2017-06-30
Pressure.mean,2017-07-01
Pressure.mean,2017-07-02
Pressure.mean,2017-07-03
Pressure.mean,2017-07-04
Pressure.mean,2017-07-05
Pressure.mean,2017-07-06
Pressure.mean,2017-07-07
Pressure.mean,2017-07-08
Pressure.mean,2017-07-09
Pressure.mean,2017-07-10
Pressure.mean,2017-07-11
Pressure.mean,2017-07-12
Pressure.mean,2017-07-13
Pressure.mean,2017-07-14
Pressure.mean,2017-07-15
Pressure.mean,2017-07-16
Pressure.mean,2017-07-17
Pressure.mean,2017-07-18
Pressure.mean,2017-07-19
Pressure.mean,2017-07-20
Pressure.mean,2017-07-21
Pressure.mean,2017-07-22
Pressure.mean,2017-07-23
Pressure.mean,2017-07-24
Pressure.mean,2017-07-25
Pressure.mean,2017-07-26
Pressure.mean,2017-07-27
Pressure.mean,2017-07-28
Pressure.mean,2017-07-29
Pressure.mean,2017-07-30
Pressure.mean,2017-07-31
Pressure.mean,2017-08-01
Pressure.mean,2017-08-02
Pressure.mean,2017-08-03
Pressure.mean,2017-08-04
Pressure.mean,2017-08-05
Pressure.mean,2017-08-06
Pressure.mean,2017-08-07
Pressure.mean,2017-08-08
Pressure.mean,2017-08-09
Pressure.mean,2017-08-10
Pressure.mean,2017-08-11
Pressure.mean,2017-08-12
Pressure.mean,2017-08-13
Pressure.mean,2017-08-14
Pressure.mean,2017-08-15
Pressure.mean,2017-08-16
Pressure.mean,2017-08-17
Pressure.mean,2017-08-18
Pressure.mean,2017-08-19
Pressure.mean,2017-08-20
Pressure.mean,2017-08-21
Pressure.mean,2017-08-22
Pressure.mean,2017-08-23
Pressure.mean,2017-08-24
Pressure.mean,2017-08-25
Pressure.mean,2017-08-26
Pressure.mean,2017-08-27
Pressure.mean,2017-08-28
Pressure.mean,2017-08-29
Pressure.mean,2017-08-30
Pressure.mean,2017-08-31
Pressure.mean,2017-09-01
Pressure.mean,2017-09-02
Pressure.mean,2017-09-03
Pressure.mean,2017-09-04
Pressure.mean,2017-09-05
Pressure.mean,2017-09-06
Pressure.mean,2017-09-07
Pressure.mean,2017-09-08
Pressure.mean,2017-09-09
Pressure.mean,2017-09-10
Pressure.mean,2017-09-11
Pressure.mean,2017-09-12
Pressure.mean,2017-09-13
Pressure.mean,2017-09-14
Pressure.mean,2017-09-15
Pressure.mean,2017-09-16
Pressure.mean,2017-09-17
Pressure.mean,2017-09-18
Pressure.mean,2017-09-19
Pressure.mean,2017-09-20
Pressure.mean,2017-09-21
Pressure.mean,2017-09-22
Pressure.mean,2017-09-23
Pressure.mean,2017-09-24
Pressure.mean,2017-09-25
Pressure.mean,2017-09-26
Pressure.mean,2017-09-27
Pressure.mean,2017-09-28
Pressure.mean,2017-09-29
Pressure.mean,2017-09-30
Pressure.mean,2017-10-01
Pressure.mean,2017-10-02
Pressure.mean,2017-10-03
Pressure.mean,2017-10-04
Pressure.mean,2017-10-05
Pressure.mean,2017-10-06
Pressure.mean,2017-10-07
Pressure.mean,2017-10-08
Pressure.mean,2017-10-09
Pressure.mean,2017-10-10
Pressure.mean,2017-10-11
Pressure.mean,2017-10-12
Pressure.mean,2017-10-13
Pressure.mean,2017-10-14
Pressure.mean,2017-10-15
Pressure.mean,2017-10-16
Pressure.mean,2017-10-17
Pressure.mean,2017-10-18
Pressure.mean,2017-10-19
Pressure.mean,2017-10-20
Pressure.mean,2017-10-21
Pressure.mean,2017-10-22
Pressure.mean,2017-10-23
Pressure.mean,2017-10-24
Pressure.mean,2017-10-25
Pressure.mean,2017-10-26
Pressure.mean,2017-10-27
Pressure.mean,2017-10-28
Pressure.mean,2017-10-29
Pressure.mean,2017-10-30
Pressure.mean,2017-10-31
Pressure.mean,2017-11-01
Pressure.mean,2017-11-02
Pressure.mean,2017-11-03
Pressure.mean,2017-11-04
Pressure.mean,2017-11-05
Pressure.mean,2017-11-06
Pressure.mean,2017-11-07
Pressure.mean,2017-11-08
Pressure.mean,2017-11-09
Pressure.mean,2017-11-10
Pressure.mean,2017-11-11
Pressure.mean,2017-11-12
Pressure.mean,2017-11-13
Pressure.mean,2017-11-14
Pressure.mean,2017-11-15
Pressure.mean,2017-11-16
Pressure.mean,2017-11-17
Pressure.mean,2017-11-18
Pressure.mean,2017-11-19
Pressure.mean,2017-11-20
Pressure.mean,2017-11-21
Pressure.mean,2017-11-22
Pressure.mean,2017-11-23
Pressure.mean,2017-11-24
Pressure.mean,2017-11-25
Pressure.mean,2017-11-26
Pressure.mean,2017-11-27
Pressure.mean,2017-11-28
Pressure.mean,2017-11-29
Pressure.mean,2017-11-30
Pressure.mean,2017-12-01
Pressure.mean,2017-12-02
Pressure.mean,2017-12-03
Pressure.mean,2017-12-04
Pressure.mean,2017-12-05
Pressure.mean,2017-12-06
Pressure.mean,2017-12-07
Pressure.mean,2017-12-08
Pressure.mean,2017-12-09
Pressure.mean,2017-12-10
Pressure.mean,2017-12-11
Pressure.mean,2017-12-12
Pressure.mean,2017-12-13
Pressure.mean,2017-12-14
Pressure.mean,2017-12-15
Pressure.mean,2017-12-16
Pressure.mean,2017-12-17
Pressure.mean,2017-12-18
Pressure.mean,2017-12-19
Pressure.mean,2017-12-20
Pressure.mean,2017-12-21
Pressure.mean,2017-12-22
Pressure.mean,2017-12-23
Pressure.mean,2017-12-24
Pressure.mean,2017-12-25
Pressure.mean,2017-12-26
Pressure.mean,2017-12-27
Pressure.mean,2017-12-28
Pressure.mean,2017-12-29
Pressure.mean,2017-12-30
Pressure.mean,2017-12-31
Pressure.mean,2018-01-01
Pressure.mean,2018-01-02
Pressure.mean,2018-01-03
Pressure.mean,2018-01-04
Pressure.mean,2018-01-05
Pressure.mean,2018-01-06
Pressure.mean,2018-01-07
Pressure.mean,2018-01-08
Pressure.mean,2018-01-09
Pressure.mean,2018-01-10
Pressure.mean,2018-01-11
Pressure.mean,2018-01-12
Pressure.mean,2018-01-13
Pressure.mean,2018-01-14
Pressure.mean,2018-01-15
Pressure.mean,2018-01-16
Pressure.mean,2018-01-17
Pressure.mean,2018-01-18
Pressure.mean,2018-01-19
Pressure.mean,2018-01-20
Pressure.mean,2018-01-21
Pressure.mean,2018-01-22
Pressure.mean,2018-01-23
Pressure.mean,2018-01-24
Pressure.mean,2018-01-25
Pressure.mean,2018-01-26
Pressure.mean,2018-01-27
Pressure.mean,2018-01-28
Pressure.mean,2018-01-29
Pressure.mean,2018-01-30
Pressure.mean,2018-01-31
Pressure.mean,2018-02-01
Pressure.mean,2018-02-02
Pressure.mean,2018-02-03
Pressure.mean,2018-02-04
Pressure.mean,2018-02-05
Pressure.mean,2018-02-06
Pressure.mean,2018-02-07
Pressure.mean,2018-02-08
Pressure.mean,2018-02-09
Pressure.mean,2018-02-10
Pressure.mean,2018-02-11
Pressure.mean,2018-02-12
Pressure.mean,2018-02-13
Pressure.mean,2018-02-14
Pressure.mean,2018-02-15
Pressure.mean,2018-02-16
Pressure.mean,2018-02-17
Pressure.mean,2018-02-18
Pressure.mean,2018-02-19
Pressure.mean,2018-02-20
Pressure.mean,2018-02-21
Pressure.mean,2018-02-22
Pressure.mean,2018-02-23
Pressure.mean,2018-02-24
Pressure.mean,2018-02-25
Pressure.mean,2018-02-26
Pressure.mean,2018-02-27
Pressure.mean,2018-02-28
Pressure.mean,2018-03-01
Pressure.mean,2018-03-02
Pressure.mean,2018-03-03
Pressure.mean,2018-03-04
Pressure.mean,2018-03-05
Pressure.mean,2018-03-06
Pressure.mean,2018-03-07
Pressure.mean,2018-03-08
Pressure.mean,2018-03-09
Pressure.mean,2018-03-10
Pressure.mean,2018-03-11
Pressure.mean,2018-03-12
Pressure.mean,2018-03-13
Pressure.mean,2018-03-14
Pressure.mean,2018-03-15
Pressure.mean,2018-03-16
Pressure.mean,2018-03-17
Pressure.mean,2018-03-18
Pressure.mean,2018-03-19
Pressure.mean,2018-03-20
Pressure.mean,2018-03-21
Pressure.mean,2018-03-22
Pressure.mean,2018-03-23
Pressure.mean,2018-03-24
Pressure.mean,2018-03-25
Pressure.mean,2018-03-26
Pressure.mean,2018-03-27
Pressure.mean,2018-03-28
Pressure.mean,2018-03-29
Pressure.mean,2018-03-30
Pressure.mean,2018-03-31
Pressure.mean,2018-04-01
Pressure.mean,2018-04-02
Pressure.mean,2018-04-03
Pressure.mean,2018-04-04
Pressure.mean,2018-04-05
Pressure.mean,2018-04-06
Pressure.mean,2018-04-07
Pressure.mean,2018-04-08
Pressure.mean,2018-04-09
Pressure.mean,2018-04-10
Pressure.mean,2018-04-11
Pressure.mean,2018-04-12
Pressure.mean,2018-04-13
Pressure.mean,2018-04-14
Pressure.mean,2018-04-15
Pressure.mean,2018-04-16
Pressure.mean,2018-04-17
Pressure.mean,2018-04-18
Pressure.mean,2018-04-19
Pressure.mean,2018-04-20
Pressure.mean,2018-04-21
Pressure.mean,2018-04-22
Pressure.mean,2018-04-23
Pressure.mean,2018-04-24
Pressure.mean,2018-04-25
Pressure.mean,2018-04-26
Pressure.mean,2018-04-27
Pressure.mean,2018-04-28
Pressure.mean,2018-04-29
Pressure.mean,2018-04-30
Pressure.mean,2018-05-01
Pressure.mean,2018-05-02
Pressure.mean,2018-05-03
Pressure.mean,2018-05-04
Pressure.mean,2018-05-05
Pressure.mean,2018-05-06
Pressure.mean,2018-05-07
Pressure.mean,2018-05-08
Pressure.mean,2018-05-09
Pressure.mean,2018-05-10
Pressure.mean,2018-05-11
Pressure.mean,2018-05-12
Pressure.mean,2018-05-13
Pressure.mean,2018-05-14
Pressure.mean,2018-05-15
Pressure.mean,2018-05-16
Pressure.mean,2018-05-17
Pressure.mean,2018-05-18
Pressure.mean,2018-05-19
Pressure.mean,2018-05-20
Pressure.mean,2018-05-21
Pressure.mean,2018-05-22
Pressure.mean,2018-05-23
Pressure.mean,2018-05-24
Pressure.mean,2018-05-25
Pressure.mean,2018-05-26
Pressure.mean,2018-05-27
Pressure.mean,2018-05-28
Pressure.mean,2018-05-29
Pressure.mean,2018-05-30
Pressure.mean,2018-05-31
Pressure.mean,2018-06-01
Pressure.mean,2018-06-02
Pressure.mean,2018-06-03
Pressure.mean,2018-06-04
Pressure.mean,2018-06-05
Pressure.mean,2018-06-06
Pressure.mean,2018-06-07
Pressure.mean,2018-06-08
Pressure.mean,2018-06-09
Pressure.mean,2018-06-10
Pressure.mean,2018-06-11
Pressure.mean,2018-06-12
Pressure.mean,2018-06-13
Pressure.mean,2018-06-14
Pressure.mean,2018-06-15
Pressure.mean,2018-06-16
Pressure.mean,2018-06-17
Pressure.mean,2018-06-18
Pressure.mean,2018-06-19
Pressure.mean,2018-06-20
Pressure.mean,2018-06-21
Pressure.mean,2018-06-22
Pressure.mean,2018-06-23
Pressure.mean,2018-06-24
Pressure.mean,2018-06-25
Pressure.mean,2018-06-26
Pressure.mean,2018-06-27
Pressure.mean,2018-06-28
Pressure.mean,2018-06-29
Pressure.mean,2018-06-30
Pressure.mean,2018-07-01
Pressure.mean,2018-07-02
Pressure.mean,2018-07-03
Pressure.mean,2018-07-04
Pressure.mean,2018-07-05
Pressure.mean,2018-07-06
Pressure.mean,2018-07-07
Pressure.mean,2018-07-08
Pressure.mean,2018-07-09
Pressure.mean,2018-07-10
Pressure.mean,2018-07-11
Pressure.mean,2018-07-12
Pressure.mean,2018-07-13
Pressure.mean,2018-07-14
Pressure.mean,2018-07-15
Pressure.mean,2018-07-16
Pressure.mean,2018-07-17
Pressure.mean,2018-07-18
Pressure.mean,2018-07-19
Pressure.mean,2018-07-20
Pressure.mean,2018-07-21
Pressure.mean,2018-07-22
Pressure.mean,2018-07-23
Pressure.mean,2018-07-24
Pressure.mean,2018-07-25
Pressure.mean,2018-07-26
Pressure.mean,2018-07-27
Pressure.mean,2018-07-28
Pressure.mean,2018-07-29
Pressure.mean,2018-07-30
Pressure.mean,2018-07-31
Pressure.mean,2018-08-01
Pressure.mean,2018-08-02
Pressure.mean,2018-08-03
Pressure.mean,2018-08-04
Pressure.mean,2018-08-05
Pressure.mean,2018-08-06
Pressure.mean,2018-08-07
Pressure.mean,2018-08-08
Pressure.mean,2018-08-09
Pressure.mean,2018-08-10
Pressure.mean,2018-08-11
Pressure.mean,2018-08-12
Pressure.mean,2018-08-13
Pressure.mean,2018-08-14
Pressure.mean,2018-08-15
Pressure.mean,2018-08-16
Pressure.mean,2018-08-17
Pressure.mean,2018-08-18
Pressure.mean,2018-08-19
Pressure.mean,2018-08-20
Pressure.mean,2018-08-21
Pressure.mean,2018-08-22
Pressure.mean,2018-08-23
Pressure.mean,2018-08-24
Pressure.mean,2018-08-25
Pressure.mean,2018-08-26
Pressure.mean,2018-08-27
Pressure.mean,2018-08-28
Pressure.mean,2018-08-29
Pressure.mean,2018-08-30
Pressure.mean,2018-08-31
Pressure.mean,2018-09-01
Pressure.mean,2018-09-02
Pressure.mean,2018-09-03
Pressure.mean,2018-09-04
Pressure.mean,2018-09-05
Pressure.mean,2018-09-06
Pressure.mean,2018-09-07
Pressure.mean,2018-09-08
Pressure.mean,2018-09-09
Pressure.mean,2018-09-10
Pressure.mean,2018-09-11
Pressure.mean,2018-09-12
Pressure.mean,2018-09-13
Pressure.mean,2018-09-14
Pressure.mean,2018-09-15
Pressure.mean,2018-09-16
Pressure.mean,2018-09-17
Pressure.mean,2018-09-18
Pressure.mean,2018-09-19
Pressure.mean,2018-09-20
Pressure.mean,2018-09-21
Pressure.mean,2018-09-22
Pressure.mean,2018-09-23
Pressure.mean,2018-09-24
Pressure.mean,2018-09-25
Pressure.mean,2018-09-26
Pressure.mean,2018-09-27
Pressure.mean,2018-09-28
Pressure.mean,2018-09-29
Pressure.mean,2018-09-30
Pressure.mean,2018-10-01
Pressure.mean,2018-10-02
Pressure.mean,2018-10-03
Pressure.mean,2018-10-04
Pressure.mean,2018-10-05
Pressure.mean,2018-10-06
Pressure.mean,2018-10-07
Pressure.mean,2018-10-08
Pressure.mean,2018-10-09
Pressure.mean,2018-10-10
Pressure.mean,2018-10-11
Pressure.mean,2018-10-12
Pressure.mean,2018-10-13
Pressure.mean,2018-10-14
Pressure.mean,2018-10-15
Pressure.mean,2018-10-16
Pressure.mean,2018-10-17
Pressure.mean,2018-10-18
Pressure.mean,2018-10-19
Pressure.mean,2018-10-20
Pressure.mean,2018-10-21
Pressure.mean,2018-10-22
Pressure.mean,2018-10-23
Pressure.mean,2018-10-24
Pressure.mean,2018-10-25
Pressure.mean,2018-10-26
Pressure.mean,2018-10-27
Pressure.mean,2018-10-28
Pressure.mean,2018-10-29
Pressure.mean,2018-10-30
Pressure.mean,2018-10-31
Pressure.mean,2018-11-01
Pressure.mean,2018-11-02
Pressure.mean,2018-11-03
Pressure.mean,2018-11-04
Pressure.mean,2018-11-05
Pressure.mean,2018-11-06
Pressure.mean,2018-11-07
Pressure.mean,2018-11-08
Pressure.mean,2018-11-09
Pressure.mean,2018-11-10
Pressure.mean,2018-11-11
Pressure.mean,2018-11-12
Pressure.mean,2018-11-13
Pressure.mean,2018-11-14
Pressure.mean,2018-11-15
Pressure.mean,2018-11-16
Pressure.mean,2018-11-17
Pressure.mean,2018-11-18
Pressure.mean,2018-11-19
Pressure.mean,2018-11-20
Pressure.mean,2018-11-21
Pressure.mean,2018-11-22
Pressure.mean,2018-11-23
Pressure.mean,2018-11-24
Pressure.mean,2018-11-25
Pressure.mean,2018-11-26
Pressure.mean,2018-11-27
Pressure.mean,2018-11-28
Pressure.mean,2018-11-29
Pressure.mean,2018-11-30
Pressure.mean,2018-12-01
Pressure.mean,2018-12-02
Pressure.mean,2018-12-03
Pressure.mean,2018-12-04
Pressure.mean,2018-12-05
Pressure.mean,2018-12-06
Pressure.mean,2018-12-07
Pressure.mean,2018-12-08
Pressure.mean,2018-12-09
Pressure.mean,2018-12-10
Pressure.mean,2018-12-11
Pressure.mean,2018-12-12
Pressure.mean,2018-12-13
Pressure.mean,2018-12-14
Pressure.mean,2018-12-15
Pressure.mean,2018-12-16
Pressure.mean,2018-12-17
Pressure.mean,2018-12-18
Pressure.mean,2018-12-19
Pressure.mean,2018-12-20
Pressure.mean,2018-12-21
Pressure.mean,2018-12-22
Pressure.mean,2018-12-23
Pressure.mean,2018-12-24
Pressure.mean,2018-12-25
Pressure.mean,2018-12-26
Pressure.mean,2018-12-27
Pressure.mean,2018-12-28
Pressure.mean,2018-12-29
Pressure.mean,2018-12-30
Pressure.mean,2018-12-31
Quercus,2017-01-01
Quercus,2017-01-02
Quercus,2017-01-03
Quercus,2017-01-04
Quercus,2017-01-05
Quercus,2017-01-06
Quercus,2017-01-07
Quercus,2017-01-08
Quercus,2017-01-09
Quercus,2017-01-10
Quercus,2017-01-11
Quercus,2017-01-12
Quercus,2017-01-13
Quercus,2017-01-14
Quercus,2017-01-15
Quercus,2017-01-16
Quercus,2017-01-17
Quercus,2017-01-18
Quercus,2017-01-19
Quercus,2017-01-20
Quercus,2017-01-21
Quercus,2017-01-22
Quercus,2017-01-23
Quercus,2017-01-24
Quercus,2017-01-25
Quercus,2017-01-26
Quercus,2017-01-27
Quercus,2017-01-28
Quercus,2017-01-29
Quercus,2017-01-30
Quercus,2017-01-31
Quercus,2017-02-01
Quercus,2017-02-02
Quercus,2017-02-03
Quercus,2017-02-04
Quercus,2017-02-05
Quercus,2017-02-06
Quercus,2017-02-07
Quercus,2017-02-08
Quercus,2017-02-09
Quercus,2017-02-10
Quercus,2017-02-11
Quercus,2017-02-12
Quercus,2017-02-13
Quercus,2017-02-14
Quercus,2017-02-15
Quercus,2017-02-16
Quercus,2017-02-17
Quercus,2017-02-18
Quercus,2017-02-19
Quercus,2017-02-20
Quercus,2017-02-21
Quercus,2017-02-22
Quercus,2017-02-23
Quercus,2017-02-24
Quercus,2017-02-25
Quercus,2017-02-26
Quercus,2017-02-27
Quercus,2017-02-28
Quercus,2017-03-01
Quercus,2017-03-02
Quercus,2017-03-03
Quercus,2017-03-04
Quercus,2017-03-05
Quercus,2017-03-06
Quercus,2017-03-07
Quercus,2017-03-08
Quercus,2017-03-09
Quercus,2017-03-10
Quercus,2017-03-11
Quercus,2017-03-12
Quercus,2017-03-13
Quercus,2017-03-14
Quercus,2017-03-15
Quercus,2017-03-16
Quercus,2017-03-17
Quercus,2017-03-18
Quercus,2017-03-19
Quercus,2017-03-20
Quercus,2017-03-21
Quercus,2017-03-22
Quercus,2017-03-23
Quercus,2017-03-24
Quercus,2017-03-25
Quercus,2017-03-26
Quercus,2017-03-27
Quercus,2017-03-28
Quercus,2017-03-29
Quercus,2017-03-30
Quercus,2017-03-31
Quercus,2017-04-01
Quercus,2017-04-02
Quercus,2017-04-03
Quercus,2017-04-04
Quercus,2017-04-05
Quercus,2017-04-06
Quercus,2017-04-07
Quercus,2017-04-08
Quercus,2017-04-09
Quercus,2017-04-10
Quercus,2017-04-11
Quercus,2017-04-12
Quercus,2017-04-13
Quercus,2017-04-14
Quercus,2017-04-15
Quercus,2017-04-16
Quercus,2017-04-17
Quercus,2017-04-18
Quercus,2017-04-19
Quercus,2017-04-20
Quercus,2017-04-21
Quercus,2017-04-22
Quercus,2017-04-23
Quercus,2017-04-24
Quercus,2017-04-25
Quercus,2017-04-26
Quercus,2017-04-27
Quercus,2017-04-28
Quercus,2017-04-29
Quercus,2017-04-30
Quercus,2017-05-01
Quercus,2017-05-02
Quercus,2017-05-03
Quercus,2017-05-04
Quercus,2017-05-05
Quercus,2017-05-06
Quercus,2017-05-07
Quercus,2017-05-08
Quercus,2017-05-09
Quercus,2017-05-10
Quercus,2017-05-11
Quercus,2017-05-12
Quercus,2017-05-13
Quercus,2017-05-14
Quercus,2017-05-15
Quercus,2017-05-16
Quercus,2017-05-17
Quercus,2017-05-18
Quercus,2017-05-19
Quercus,2017-05-20
Quercus,2017-05-21
Quercus,2017-05-22
Quercus,2017-05-23
Quercus,2017-05-24
Quercus,2017-05-25
Quercus,2017-05-26
Quercus,2017-05-27
Quercus,2017-05-28
Quercus,2017-05-29
Quercus,2017-05-30
Quercus,2017-05-31
Quercus,2017-06-01
Quercus,2017-06-02
Quercus,2017-06-03
Quercus,2017-06-04
Quercus,2017-06-05
Quercus,2017-06-06
Quercus,2017-06-07
Quercus,2017-06-08
Quercus,2017-06-09
Quercus,2017-06-10
Quercus,2017-06-11
Quercus,2017-06-12
Quercus,2017-06-13
Quercus,2017-06-14
Quercus,2017-06-15
Quercus,2017-06-16
Quercus,2017-06-17
Quercus,2017-06-18
Quercus,2017-06-19
Quercus,2017-06-20
Quercus,2017-06-21
Quercus,2017-06-22
Quercus,2017-06-23
Quercus,2017-06-24
Quercus,2017-06-25
Quercus,2017-06-26
Quercus,2017-06-27
Quercus,2017-06-28
Quercus,2017-06-29
Quercus,2017-06-30
Quercus,2017-07-01
Quercus,2017-07-02
Quercus,2017-07-03
Quercus,2017-07-04
Quercus,2017-07-05
Quercus,2017-07-06
Quercus,2017-07-07
Quercus,2017-07-08
Quercus,2017-07-09
Quercus,2017-07-10
Quercus,2017-07-11
Quercus,2017-07-12
Quercus,2017-07-13
Quercus,2017-07-14
Quercus,2017-07-15
Quercus,2017-07-16
Quercus,2017-07-17
Quercus,2017-07-18
Quercus,2017-07-19
Quercus,2017-07-20
Quercus,2017-07-21
Quercus,2017-07-22
Quercus,2017-07-23
Quercus,2017-07-24
Quercus,2017-07-25
Quercus,2017-07-26
Quercus,2017-07-27
Quercus,2017-07-28
Quercus,2017-07-29
Quercus,2017-07-30
Quercus,2017-07-31
Quercus,2017-08-01
Quercus,2017-08-02
Quercus,2017-08-03
Quercus,2017-08-04
Quercus,2017-08-05
Quercus,2017-08-06
Quercus,2017-08-07
Quercus,2017-08-08
Quercus,2017-08-09
Quercus,2017-08-10
Quercus,2017-08-11
Quercus,2017-08-12
Quercus,2017-08-13
Quercus,2017-08-14
Quercus,2017-08-15
Quercus,2017-08-16
Quercus,2017-08-17
Quercus,2017-08-18
Quercus,2017-08-19
Quercus,2017-08-20
Quercus,2017-08-21
Quercus,2017-08-22
Quercus,2017-08-23
Quercus,2017-08-24
Quercus,2017-08-25
Quercus,2017-08-26
Quercus,2017-08-27
Quercus,2017-08-28
Quercus,2017-08-29
Quercus,2017-08-30
Quercus,2017-08-31
Quercus,2017-09-01
Quercus,2017-09-02
Quercus,2017-09-03
Quercus,2017-09-04
Quercus,2017-09-05
Quercus,2017-09-06
Quercus,2017-09-07
Quercus,2017-09-08
Quercus,2017-09-09
Quercus,2017-09-10
Quercus,2017-09-11
Quercus,2017-09-12
Quercus,2017-09-13
Quercus,2017-09-14
Quercus,2017-09-15
Quercus,2017-09-16
Quercus,2017-09-17
Quercus,2017-09-18
Quercus,2017-09-19
Quercus,2017-09-20
Quercus,2017-09-21
Quercus,2017-09-22
Quercus,2017-09-23
Quercus,2017-09-24
Quercus,2017-09-25
Quercus,2017-09-26
Quercus,2017-09-27
Quercus,2017-09-28
Quercus,2017-09-29
Quercus,2017-09-30
Quercus,2017-10-01
Quercus,2017-10-02
Quercus,2017-10-03
Quercus,2017-10-04
Quercus,2017-10-05
Quercus,2017-10-06
Quercus,2017-10-07
Quercus,2017-10-08
Quercus,2017-10-09
Quercus,2017-10-10
Quercus,2017-10-11
Quercus,2017-10-12
Quercus,2017-10-13
Quercus,2017-10-14
Quercus,2017-10-15
Quercus,2017-10-16
Quercus,2017-10-17
Quercus,2017-10-18
Quercus,2017-10-19
Quercus,2017-10-20
Quercus,2017-10-21
Quercus,2017-10-22
Quercus,2017-10-23
Quercus,2017-10-24
Quercus,2017-10-25
Quercus,2017-10-26
Quercus,2017-10-27
Quercus,2017-10-28
Quercus,2017-10-29
Quercus,2017-10-30
Quercus,2017-10-31
Quercus,2017-11-01
Quercus,2017-11-02
Quercus,2017-11-03
Quercus,2017-11-04
Quercus,2017-11-05
Quercus,2017-11-06
Quercus,2017-11-07
Quercus,2017-11-08
Quercus,2017-11-09
Quercus,2017-11-10
Quercus,2017-11-11
Quercus,2017-11-12
Quercus,2017-11-13
Quercus,2017-11-14
Quercus,2017-11-15
Quercus,2017-11-16
Quercus,2017-11-17
Quercus,2017-11-18
Quercus,2017-11-19
Quercus,2017-11-20
Quercus,2017-11-21
Quercus,2017-11-22
Quercus,2017-11-23
Quercus,2017-11-24
Quercus,2017-11-25
Quercus,2017-11-26
Quercus,2017-11-27
Quercus,2017-11-28
Quercus,2017-11-29
Quercus,2017-11-30
Quercus,2017-12-01
Quercus,2017-12-02
Quercus,2017-12-03
Quercus,2017-12-04
Quercus,2017-12-05
Quercus,2017-12-06
Quercus,2017-12-07
Quercus,2017-12-08
Quercus,2017-12-09
Quercus,2017-12-10
Quercus,2017-12-11
Quercus,2017-12-12
Quercus,2017-12-13
Quercus,2017-12-14
Quercus,2017-12-15
Quercus,2017-12-16
Quercus,2017-12-17
Quercus,2017-12-18
Quercus,2017-12-19
Quercus,2017-12-20
Quercus,2017-12-21
Quercus,2017-12-22
Quercus,2017-12-23
Quercus,2017-12-24
Quercus,2017-12-25
Quercus,2017-12-26
Quercus,2017-12-27
Quercus,2017-12-28
Quercus,2017-12-29
Quercus,2017-12-30
Quercus,2017-12-31
Quercus,2018-01-01
Quercus,2018-01-02
Quercus,2018-01-03
Quercus,2018-01-04
Quercus,2018-01-05
Quercus,2018-01-06
Quercus,2018-01-07
Quercus,2018-01-08
Quercus,2018-01-09
Quercus,2018-01-10
Quercus,2018-01-11
Quercus,2018-01-12
Quercus,2018-01-13
Quercus,2018-01-14
Quercus,2018-01-15
Quercus,2018-01-16
Quercus,2018-01-17
Quercus,2018-01-18
Quercus,2018-01-19
Quercus,2018-01-20
Quercus,2018-01-21
Quercus,2018-01-22
Quercus,2018-01-23
Quercus,2018-01-24
Quercus,2018-01-25
Quercus,2018-01-26
Quercus,2018-01-27
Quercus,2018-01-28
Quercus,2018-01-29
Quercus,2018-01-30
Quercus,2018-01-31
Quercus,2018-02-01
Quercus,2018-02-02
Quercus,2018-02-03
Quercus,2018-02-04
Quercus,2018-02-05
Quercus,2018-02-06
Quercus,2018-02-07
Quercus,2018-02-08
Quercus,2018-02-09
Quercus,2018-02-10
Quercus,2018-02-11
Quercus,2018-02-12
Quercus,2018-02-13
Quercus,2018-02-14
Quercus,2018-02-15
Quercus,2018-02-16
Quercus,2018-02-17
Quercus,2018-02-18
Quercus,2018-02-19
Quercus,2018-02-20
Quercus,2018-02-21
Quercus,2018-02-22
Quercus,2018-02-23
Quercus,2018-02-24
Quercus,2018-02-25
Quercus,2018-02-26
Quercus,2018-02-27
Quercus,2018-02-28
Quercus,2018-03-01
Quercus,2018-03-02
Quercus,2018-03-03
Quercus,2018-03-04
Quercus,2018-03-05
Quercus,2018-03-06
Quercus,2018-03-07
Quercus,2018-03-08
Quercus,2018-03-09
Quercus,2018-03-10
Quercus,2018-03-11
Quercus,2018-03-12
Quercus,2018-03-13
Quercus,2018-03-14
Quercus,2018-03-15
Quercus,2018-03-16
Quercus,2018-03-17
Quercus,2018-03-18
Quercus,2018-03-19
Quercus,2018-03-20
Quercus,2018-03-21
Quercus,2018-03-22
Quercus,2018-03-23
Quercus,2018-03-24
Quercus,2018-03-25
Quercus,2018-03-26
Quercus,2018-03-27
Quercus,2018-03-28
Quercus,2018-03-29
Quercus,2018-03-30
Quercus,2018-03-31
Quercus,2018-04-01
Quercus,2018-04-02
Quercus,2018-04-03
Quercus,2018-04-04
Quercus,2018-04-05
Quercus,2018-04-06
Quercus,2018-04-07
Quercus,2018-04-08
Quercus,2018-04-09
Quercus,2018-04-10
Quercus,2018-04-11
Quercus,2018-04-12
Quercus,2018-04-13
Quercus,2018-04-14
Quercus,2018-04-15
Quercus,2018-04-16
Quercus,2018-04-17
Quercus,2018-04-18
Quercus,2018-04-19
Quercus,2018-04-20
Quercus,2018-04-21
Quercus,2018-04-22
Quercus,2018-04-23
Quercus,2018-04-24
Quercus,2018-04-25
Quercus,2018-04-26
Quercus,2018-04-27
Quercus,2018-04-28
Quercus,2018-04-29
Quercus,2018-04-30
Quercus,2018-05-01
Quercus,2018-05-02
Quercus,2018-05-03
Quercus,2018-05-04
Quercus,2018-05-05
Quercus,2018-05-06
Quercus,2018-05-07
Quercus,2018-05-08
Quercus,2018-05-09
Quercus,2018-05-10
Quercus,2018-05-11
Quercus,2018-05-12
Quercus,2018-05-13
Quercus,2018-05-14
Quercus,2018-05-15
Quercus,2018-05-16
Quercus,2018-05-17
Quercus,2018-05-18
Quercus,2018-05-19
Quercus,2018-05-20
Quercus,2018-05-21
Quercus,2018-05-22
Quercus,2018-05-23
Quercus,2018-05-24
Quercus,2018-05-25
Quercus,2018-05-26
Quercus,2018-05-27
Quercus,2018-05-28
Quercus,2018-05-29
Quercus,2018-05-30
Quercus,2018-05-31
Quercus,2018-06-01
Quercus,2018-06-02
Quercus,2018-06-03
Quercus,2018-06-04
Quercus,2018-06-05
Quercus,2018-06-06
Quercus,2018-06-07
Quercus,2018-06-08
Quercus,2018-06-09
Quercus,2018-06-10
Quercus,2018-06-11
Quercus,2018-06-12
Quercus,2018-06-13
Quercus,2018-06-14
Quercus,2018-06-15
Quercus,2018-06-16
Quercus,2018-06-17
Quercus,2018-06-18
Quercus,2018-06-19
Quercus,2018-06-20
Quercus,2018-06-21
Quercus,2018-06-22
Quercus,2018-06-23
Quercus,2018-06-24
Quercus,2018-06-25
Quercus,2018-06-26
Quercus,2018-06-27
Quercus,2018-06-28
Quercus,2018-06-29
Quercus,2018-06-30
Quercus,2018-07-01
Quercus,2018-07-02
Quercus,2018-07-03
Quercus,2018-07-04
Quercus,2018-07-05
Quercus,2018-07-06
Quercus,2018-07-07
Quercus,2018-07-08
Quercus,2018-07-09
Quercus,2018-07-10
Quercus,2018-07-11
Quercus,2018-07-12
Quercus,2018-07-13
Quercus,2018-07-14
Quercus,2018-07-15
Quercus,2018-07-16
Quercus,2018-07-17
Quercus,2018-07-18
Quercus,2018-07-19
Quercus,2018-07-20
Quercus,2018-07-21
Quercus,2018-07-22
Quercus,2018-07-23
Quercus,2018-07-24
Quercus,2018-07-25
Quercus,2018-07-26
Quercus,2018-07-27
Quercus,2018-07-28
Quercus,2018-07-29
Quercus,2018-07-30
Quercus,2018-07-31
Quercus,2018-08-01
Quercus,2018-08-02
Quercus,2018-08-03
Quercus,2018-08-04
Quercus,2018-08-05
Quercus,2018-08-06
Quercus,2018-08-07
Quercus,2018-08-08
Quercus,2018-08-09
Quercus,2018-08-10
Quercus,2018-08-11
Quercus,2018-08-12
Quercus,2018-08-13
Quercus,2018-08-14
Quercus,2018-08-15
Quercus,2018-08-16
Quercus,2018-08-17
Quercus,2018-08-18
Quercus,2018-08-19
Quercus,2018-08-20
Quercus,2018-08-21
Quercus,2018-08-22
Quercus,2018-08-23
Quercus,2018-08-24
Quercus,2018-08-25
Quercus,2018-08-26
Quercus,2018-08-27
Quercus,2018-08-28
Quercus,2018-08-29
Quercus,2018-08-30
Quercus,2018-08-31
Quercus,2018-09-01
Quercus,2018-09-02
Quercus,2018-09-03
Quercus,2018-09-04
Quercus,2018-09-05
Quercus,2018-09-06
Quercus,2018-09-07
Quercus,2018-09-08
Quercus,2018-09-09
Quercus,2018-09-10
Quercus,2018-09-11
Quercus,2018-09-12
Quercus,2018-09-13
Quercus,2018-09-14
Quercus,2018-09-15
Quercus,2018-09-16
Quercus,2018-09-17
Quercus,2018-09-18
Quercus,2018-09-19
Quercus,2018-09-20
Quercus,2018-09-21
Quercus,2018-09-22
Quercus,2018-09-23
Quercus,2018-09-24
Quercus,2018-09-25
Quercus,2018-09-26
Quercus,2018-09-27
Quercus,2018-09-28
Quercus,2018-09-29
Quercus,2018-09-30
Quercus,2018-10-01
Quercus,2018-10-02
Quercus,2018-10-03
Quercus,2018-10-04
Quercus,2018-10-05
Quercus,2018-10-06
Quercus,2018-10-07
Quercus,2018-10-08
Quercus,2018-10-09
Quercus,2018-10-10
Quercus,2018-10-11
Quercus,2018-10-12
Quercus,2018-10-13
Quercus,2018-10-14
Quercus,2018-10-15
Quercus,2018-10-16
Quercus,2018-10-17
Quercus,2018-10-18
Quercus,2018-10-19
Quercus,2018-10-20
Quercus,2018-10-21
Quercus,2018-10-22
Quercus,2018-10-23
Quercus,2018-10-24
Quercus,2018-10-25
Quercus,2018-10-26
Quercus,2018-10-27
Quercus,2018-10-28
Quercus,2018-10-29
Quercus,2018-10-30
Quercus,2018-10-31
Quercus,2018-11-01
Quercus,2018-11-02
Quercus,2018-11-03
Quercus,2018-11-04
Quercus,2018-11-05
Quercus,2018-11-06
Quercus,2018-11-07
Quercus,2018-11-08
Quercus,2018-11-09
Quercus,2018-11-10
Quercus,2018-11-11
Quercus,2018-11-12
Quercus,2018-11-13
Quercus,2018-11-14
Quercus,2018-11-15
Quercus,2018-11-16
Quercus,2018-11-17
Quercus,2018-11-18
Quercus,2018-11-19
Quercus,2018-11-20
Quercus,2018-11-21
Quercus,2018-11-22
Quercus,2018-11-23
Quercus,2018-11-24
Quercus,2018-11-25
Quercus,2018-11-26
Quercus,2018-11-27
Quercus,2018-11-28
Quercus,2018-11-29
Quercus,2018-11-30
Quercus,2018-12-01
Quercus,2018-12-02
Quercus,2018-12-03
Quercus,2018-12-04
Quercus,2018-12-05
Quercus,2018-12-06
Quercus,2018-12-07
Quercus,2018-12-08
Quercus,2018-12-09
Quercus,2018-12-10
Quercus,2018-12-11
Quercus,2018-12-12
Quercus,2018-12-13
Quercus,2018-12-14
Quercus,2018-12-15
Quercus,2018-12-16
Quercus,2018-12-17
Quercus,2018-12-18
Quercus,2018-12-19
Quercus,2018-12-20
Quercus,2018-12-21
Quercus,2018-12-22
Quercus,2018-12-23
Quercus,2018-12-24
Quercus,2018-12-25
Quercus,2018-12-26
Quercus,2018-12-27
Quercus,2018-12-28
Quercus,2018-12-29
Quercus,2018-12-30
Quercus,2018-12-31
SO2_max,2017-01-01
SO2_max,2017-01-02
SO2_max,2017-01-03
SO2_max,2017-01-04
SO2_max,2017-01-05
SO2_max,2017-01-06
SO2_max,2017-01-07
SO2_max,2017-01-08
SO2_max,2017-01-09
SO2_max,2017-01-10
SO2_max,2017-01-11
SO2_max,2017-01-12
SO2_max,2017-01-13
SO2_max,2017-01-14
SO2_max,2017-01-15
SO2_max,2017-01-16
SO2_max,2017-01-17
SO2_max,2017-01-18
SO2_max,2017-01-19
SO2_max,2017-01-20
SO2_max,2017-01-21
SO2_max,2017-01-22
SO2_max,2017-01-23
SO2_max,2017-01-24
SO2_max,2017-01-25
SO2_max,2017-01-26
SO2_max,2017-01-27
SO2_max,2017-01-28
SO2_max,2017-01-29
SO2_max,2017-01-30
SO2_max,2017-01-31
SO2_max,2017-02-01
SO2_max,2017-02-02
SO2_max,2017-02-03
SO2_max,2017-02-04
SO2_max,2017-02-05
SO2_max,2017-02-06
SO2_max,2017-02-07
SO2_max,2017-02-08
SO2_max,2017-02-09
SO2_max,2017-02-10
SO2_max,2017-02-11
SO2_max,2017-02-12
SO2_max,2017-02-13
SO2_max,2017-02-14
SO2_max,2017-02-15
SO2_max,2017-02-16
SO2_max,2017-02-17
SO2_max,2017-02-18
SO2_max,2017-02-19
SO2_max,2017-02-20
SO2_max,2017-02-21
SO2_max,2017-02-22
SO2_max,2017-02-23
SO2_max,2017-02-24
SO2_max,2017-02-25
SO2_max,2017-02-26
SO2_max,2017-02-27
SO2_max,2017-02-28
SO2_max,2017-03-01
SO2_max,2017-03-02
SO2_max,2017-03-03
SO2_max,2017-03-04
SO2_max,2017-03-05
SO2_max,2017-03-06
SO2_max,2017-03-07
SO2_max,2017-03-08
SO2_max,2017-03-09
SO2_max,2017-03-10
SO2_max,2017-03-11
SO2_max,2017-03-12
SO2_max,2017-03-13
SO2_max,2017-03-14
SO2_max,2017-03-15
SO2_max,2017-03-16
SO2_max,2017-03-17
SO2_max,2017-03-18
SO2_max,2017-03-19
SO2_max,2017-03-20
SO2_max,2017-03-21
SO2_max,2017-03-22
SO2_max,2017-03-23
SO2_max,2017-03-24
SO2_max,2017-03-25
SO2_max,2017-03-26
SO2_max,2017-03-27
SO2_max,2017-03-28
SO2_max,2017-03-29
SO2_max,2017-03-30
SO2_max,2017-03-31
SO2_max,2017-04-01
SO2_max,2017-04-02
SO2_max,2017-04-03
SO2_max,2017-04-04
SO2_max,2017-04-05
SO2_max,2017-04-06
SO2_max,2017-04-07
SO2_max,2017-04-08
SO2_max,2017-04-09
SO2_max,2017-04-10
SO2_max,2017-04-11
SO2_max,2017-04-12
SO2_max,2017-04-13
SO2_max,2017-04-14
SO2_max,2017-04-15
SO2_max,2017-04-16
SO2_max,2017-04-17
SO2_max,2017-04-18
SO2_max,2017-04-19
SO2_max,2017-04-20
SO2_max,2017-04-21
SO2_max,2017-04-22
SO2_max,2017-04-23
SO2_max,2017-04-24
SO2_max,2017-04-25
SO2_max,2017-04-26
SO2_max,2017-04-27
SO2_max,2017-04-28
SO2_max,2017-04-29
SO2_max,2017-04-30
SO2_max,2017-05-01
SO2_max,2017-05-02
SO2_max,2017-05-03
SO2_max,2017-05-04
SO2_max,2017-05-05
SO2_max,2017-05-06
SO2_max,2017-05-07
SO2_max,2017-05-08
SO2_max,2017-05-09
SO2_max,2017-05-10
SO2_max,2017-05-11
SO2_max,2017-05-12
SO2_max,2017-05-13
SO2_max,2017-05-14
SO2_max,2017-05-15
SO2_max,2017-05-16
SO2_max,2017-05-17
SO2_max,2017-05-18
SO2_max,2017-05-19
SO2_max,2017-05-20
SO2_max,2017-05-21
SO2_max,2017-05-22
SO2_max,2017-05-23
SO2_max,2017-05-24
SO2_max,2017-05-25
SO2_max,2017-05-26
SO2_max,2017-05-27
SO2_max,2017-05-28
SO2_max,2017-05-29
SO2_max,2017-05-30
SO2_max,2017-05-31
SO2_max,2017-06-01
SO2_max,2017-06-02
SO2_max,2017-06-03
SO2_max,2017-06-04
SO2_max,2017-06-05
SO2_max,2017-06-06
SO2_max,2017-06-07
SO2_max,2017-06-08
SO2_max,2017-06-09
SO2_max,2017-06-10
SO2_max,2017-06-11
SO2_max,2017-06-12
SO2_max,2017-06-13
SO2_max,2017-06-14
SO2_max,2017-06-15
SO2_max,2017-06-16
SO2_max,2017-06-17
SO2_max,2017-06-18
SO2_max,2017-06-19
SO2_max,2017-06-20
SO2_max,2017-06-21
SO2_max,2017-06-22
SO2_max,2017-06-23
SO2_max,2017-06-24
SO2_max,2017-06-25
SO2_max,2017-06-26
SO2_max,2017-06-27
SO2_max,2017-06-28
SO2_max,2017-06-29
SO2_max,2017-06-30
SO2_max,2017-07-01
SO2_max,2017-07-02
SO2_max,2017-07-03
SO2_max,2017-07-04
SO2_max,2017-07-05
SO2_max,2017-07-06
SO2_max,2017-07-07
SO2_max,2017-07-08
SO2_max,2017-07-09
SO2_max,2017-07-10
SO2_max,2017-07-11
SO2_max,2017-07-12
SO2_max,2017-07-13
SO2_max,2017-07-14
SO2_max,2017-07-15
SO2_max,2017-07-16
SO2_max,2017-07-17
SO2_max,2017-07-18
SO2_max,2017-07-19
SO2_max,2017-07-20
SO2_max,2017-07-21
SO2_max,2017-07-22
SO2_max,2017-07-23
SO2_max,2017-07-24
SO2_max,2017-07-25
SO2_max,2017-07-26
SO2_max,2017-07-27
SO2_max,2017-07-28
SO2_max,2017-07-29
SO2_max,2017-07-30
SO2_max,2017-07-31
SO2_max,2017-08-01
SO2_max,2017-08-02
SO2_max,2017-08-03
SO2_max,2017-08-04
SO2_max,2017-08-05
SO2_max,2017-08-06
SO2_max,2017-08-07
SO2_max,2017-08-08
SO2_max,2017-08-09
SO2_max,2017-08-10
SO2_max,2017-08-11
SO2_max,2017-08-12
SO2_max,2017-08-13
SO2_max,2017-08-14
SO2_max,2017-08-15
SO2_max,2017-08-16
SO2_max,2017-08-17
SO2_max,2017-08-18
SO2_max,2017-08-19
SO2_max,2017-08-20
SO2_max,2017-08-21
SO2_max,2017-08-22
SO2_max,2017-08-23
SO2_max,2017-08-24
SO2_max,2017-08-25
SO2_max,2017-08-26
SO2_max,2017-08-27
SO2_max,2017-08-28
SO2_max,2017-08-29
SO2_max,2017-08-30
SO2_max,2017-08-31
SO2_max,2017-09-01
SO2_max,2017-09-02
SO2_max,2017-09-03
SO2_max,2017-09-04
SO2_max,2017-09-05
SO2_max,2017-09-06
SO2_max,2017-09-07
SO2_max,2017-09-08
SO2_max,2017-09-09
SO2_max,2017-09-10
SO2_max,2017-09-11
SO2_max,2017-09-12
SO2_max,2017-09-13
SO2_max,2017-09-14
SO2_max,2017-09-15
SO2_max,2017-09-16
SO2_max,2017-09-17
SO2_max,2017-09-18
SO2_max,2017-09-19
SO2_max,2017-09-20
SO2_max,2017-09-21
SO2_max,2017-09-22
SO2_max,2017-09-23
SO2_max,2017-09-24
SO2_max,2017-09-25
SO2_max,2017-09-26
SO2_max,2017-09-27
SO2_max,2017-09-28
SO2_max,2017-09-29
SO2_max,2017-09-30
SO2_max,2017-10-01
SO2_max,2017-10-02
SO2_max,2017-10-03
SO2_max,2017-10-04
SO2_max,2017-10-05
SO2_max,2017-10-06
SO2_max,2017-10-07
SO2_max,2017-10-08
SO2_max,2017-10-09
SO2_max,2017-10-10
SO2_max,2017-10-11
SO2_max,2017-10-12
SO2_max,2017-10-13
SO2_max,2017-10-14
SO2_max,2017-10-15
SO2_max,2017-10-16
SO2_max,2017-10-17
SO2_max,2017-10-18
SO2_max,2017-10-19
SO2_max,2017-10-20
SO2_max,2017-10-21
SO2_max,2017-10-22
SO2_max,2017-10-23
SO2_max,2017-10-24
SO2_max,2017-10-25
SO2_max,2017-10-26
SO2_max,2017-10-27
SO2_max,2017-10-28
SO2_max,2017-10-29
SO2_max,2017-10-30
SO2_max,2017-10-31
SO2_max,2017-11-01
SO2_max,2017-11-02
SO2_max,2017-11-03
SO2_max,2017-11-04
SO2_max,2017-11-05
SO2_max,2017-11-06
SO2_max,2017-11-07
SO2_max,2017-11-08
SO2_max,2017-11-09
SO2_max,2017-11-10
SO2_max,2017-11-11
SO2_max,2017-11-12
SO2_max,2017-11-13
SO2_max,2017-11-14
SO2_max,2017-11-15
SO2_max,2017-11-16
SO2_max,2017-11-17
SO2_max,2017-11-18
SO2_max,2017-11-19
SO2_max,2017-11-20
SO2_max,2017-11-21
SO2_max,2017-11-22
SO2_max,2017-11-23
SO2_max,2017-11-24
SO2_max,2017-11-25
SO2_max,2017-11-26
SO2_max,2017-11-27
SO2_max,2017-11-28
SO2_max,2017-11-29
SO2_max,2017-11-30
SO2_max,2017-12-01
SO2_max,2017-12-02
SO2_max,2017-12-03
SO2_max,2017-12-04
SO2_max,2017-12-05
SO2_max,2017-12-06
SO2_max,2017-12-07
SO2_max,2017-12-08
SO2_max,2017-12-09
SO2_max,2017-12-10
SO2_max,2017-12-11
SO2_max,2017-12-12
SO2_max,2017-12-13
SO2_max,2017-12-14
SO2_max,2017-12-15
SO2_max,2017-12-16
SO2_max,2017-12-17
SO2_max,2017-12-18
SO2_max,2017-12-19
SO2_max,2017-12-20
SO2_max,2017-12-21
SO2_max,2017-12-22
SO2_max,2017-12-23
SO2_max,2017-12-24
SO2_max,2017-12-25
SO2_max,2017-12-26
SO2_max,2017-12-27
SO2_max,2017-12-28
SO2_max,2017-12-29
SO2_max,2017-12-30
SO2_max,2017-12-31
SO2_max,2018-01-01
SO2_max,2018-01-02
SO2_max,2018-01-03
SO2_max,2018-01-04
SO2_max,2018-01-05
SO2_max,2018-01-06
SO2_max,2018-01-07
SO2_max,2018-01-08
SO2_max,2018-01-09
SO2_max,2018-01-10
SO2_max,2018-01-11
SO2_max,2018-01-12
SO2_max,2018-01-13
SO2_max,2018-01-14
SO2_max,2018-01-15
SO2_max,2018-01-16
SO2_max,2018-01-17
SO2_max,2018-01-18
SO2_max,2018-01-19
SO2_max,2018-01-20
SO2_max,2018-01-21
SO2_max,2018-01-22
SO2_max,2018-01-23
SO2_max,2018-01-24
SO2_max,2018-01-25
SO2_max,2018-01-26
SO2_max,2018-01-27
SO2_max,2018-01-28
SO2_max,2018-01-29
SO2_max,2018-01-30
SO2_max,2018-01-31
SO2_max,2018-02-01
SO2_max,2018-02-02
SO2_max,2018-02-03
SO2_max,2018-02-04
SO2_max,2018-02-05
SO2_max,2018-02-06
SO2_max,2018-02-07
SO2_max,2018-02-08
SO2_max,2018-02-09
SO2_max,2018-02-10
SO2_max,2018-02-11
SO2_max,2018-02-12
SO2_max,2018-02-13
SO2_max,2018-02-14
SO2_max,2018-02-15
SO2_max,2018-02-16
SO2_max,2018-02-17
SO2_max,2018-02-18
SO2_max,2018-02-19
SO2_max,2018-02-20
SO2_max,2018-02-21
SO2_max,2018-02-22
SO2_max,2018-02-23
SO2_max,2018-02-24
SO2_max,2018-02-25
SO2_max,2018-02-26
SO2_max,2018-02-27
SO2_max,2018-02-28
SO2_max,2018-03-01
SO2_max,2018-03-02
SO2_max,2018-03-03
SO2_max,2018-03-04
SO2_max,2018-03-05
SO2_max,2018-03-06
SO2_max,2018-03-07
SO2_max,2018-03-08
SO2_max,2018-03-09
SO2_max,2018-03-10
SO2_max,2018-03-11
SO2_max,2018-03-12
SO2_max,2018-03-13
SO2_max,2018-03-14
SO2_max,2018-03-15
SO2_max,2018-03-16
SO2_max,2018-03-17
SO2_max,2018-03-18
SO2_max,2018-03-19
SO2_max,2018-03-20
SO2_max,2018-03-21
SO2_max,2018-03-22
SO2_max,2018-03-23
SO2_max,2018-03-24
SO2_max,2018-03-25
SO2_max,2018-03-26
SO2_max,2018-03-27
SO2_max,2018-03-28
SO2_max,2018-03-29
SO2_max,2018-03-30
SO2_max,2018-03-31
SO2_max,2018-04-01
SO2_max,2018-04-02
SO2_max,2018-04-03
SO2_max,2018-04-04
SO2_max,2018-04-05
SO2_max,2018-04-06
SO2_max,2018-04-07
SO2_max,2018-04-08
SO2_max,2018-04-09
SO2_max,2018-04-10
SO2_max,2018-04-11
SO2_max,2018-04-12
SO2_max,2018-04-13
SO2_max,2018-04-14
SO2_max,2018-04-15
SO2_max,2018-04-16
SO2_max,2018-04-17
SO2_max,2018-04-18
SO2_max,2018-04-19
SO2_max,2018-04-20
SO2_max,2018-04-21
SO2_max,2018-04-22
SO2_max,2018-04-23
SO2_max,2018-04-24
SO2_max,2018-04-25
SO2_max,2018-04-26
SO2_max,2018-04-27
SO2_max,2018-04-28
SO2_max,2018-04-29
SO2_max,2018-04-30
SO2_max,2018-05-01
SO2_max,2018-05-02
SO2_max,2018-05-03
SO2_max,2018-05-04
SO2_max,2018-05-05
SO2_max,2018-05-06
SO2_max,2018-05-07
SO2_max,2018-05-08
SO2_max,2018-05-09
SO2_max,2018-05-10
SO2_max,2018-05-11
SO2_max,2018-05-12
SO2_max,2018-05-13
SO2_max,2018-05-14
SO2_max,2018-05-15
SO2_max,2018-05-16
SO2_max,2018-05-17
SO2_max,2018-05-18
SO2_max,2018-05-19
SO2_max,2018-05-20
SO2_max,2018-05-21
SO2_max,2018-05-22
SO2_max,2018-05-23
SO2_max,2018-05-24
SO2_max,2018-05-25
SO2_max,2018-05-26
SO2_max,2018-05-27
SO2_max,2018-05-28
SO2_max,2018-05-29
SO2_max,2018-05-30
SO2_max,2018-05-31
SO2_max,2018-06-01
SO2_max,2018-06-02
SO2_max,2018-06-03
SO2_max,2018-06-04
SO2_max,2018-06-05
SO2_max,2018-06-06
SO2_max,2018-06-07
SO2_max,2018-06-08
SO2_max,2018-06-09
SO2_max,2018-06-10
SO2_max,2018-06-11
SO2_max,2018-06-12
SO2_max,2018-06-13
SO2_max,2018-06-14
SO2_max,2018-06-15
SO2_max,2018-06-16
SO2_max,2018-06-17
SO2_max,2018-06-18
SO2_max,2018-06-19
SO2_max,2018-06-20
SO2_max,2018-06-21
SO2_max,2018-06-22
SO2_max,2018-06-23
SO2_max,2018-06-24
SO2_max,2018-06-25
SO2_max,2018-06-26
SO2_max,2018-06-27
SO2_max,2018-06-28
SO2_max,2018-06-29
SO2_max,2018-06-30
SO2_max,2018-07-01
SO2_max,2018-07-02
SO2_max,2018-07-03
SO2_max,2018-07-04
SO2_max,2018-07-05
SO2_max,2018-07-06
SO2_max,2018-07-07
SO2_max,2018-07-08
SO2_max,2018-07-09
SO2_max,2018-07-10
SO2_max,2018-07-11
SO2_max,2018-07-12
SO2_max,2018-07-13
SO2_max,2018-07-14
SO2_max,2018-07-15
SO2_max,2018-07-16
SO2_max,2018-07-17
SO2_max,2018-07-18
SO2_max,2018-07-19
SO2_max,2018-07-20
SO2_max,2018-07-21
SO2_max,2018-07-22
SO2_max,2018-07-23
SO2_max,2018-07-24
SO2_max,2018-07-25
SO2_max,2018-07-26
SO2_max,2018-07-27
SO2_max,2018-07-28
SO2_max,2018-07-29
SO2_max,2018-07-30
SO2_max,2018-07-31
SO2_max,2018-08-01
SO2_max,2018-08-02
SO2_max,2018-08-03
SO2_max,2018-08-04
SO2_max,2018-08-05
SO2_max,2018-08-06
SO2_max,2018-08-07
SO2_max,2018-08-08
SO2_max,2018-08-09
SO2_max,2018-08-10
SO2_max,2018-08-11
SO2_max,2018-08-12
SO2_max,2018-08-13
SO2_max,2018-08-14
SO2_max,2018-08-15
SO2_max,2018-08-16
SO2_max,2018-08-17
SO2_max,2018-08-18
SO2_max,2018-08-19
SO2_max,2018-08-20
SO2_max,2018-08-21
SO2_max,2018-08-22
SO2_max,2018-08-23
SO2_max,2018-08-24
SO2_max,2018-08-25
SO2_max,2018-08-26
SO2_max,2018-08-27
SO2_max,2018-08-28
SO2_max,2018-08-29
SO2_max,2018-08-30
SO2_max,2018-08-31
SO2_max,2018-09-01
SO2_max,2018-09-02
SO2_max,2018-09-03
SO2_max,2018-09-04
SO2_max,2018-09-05
SO2_max,2018-09-06
SO2_max,2018-09-07
SO2_max,2018-09-08
SO2_max,2018-09-09
SO2_max,2018-09-10
SO2_max,2018-09-11
SO2_max,2018-09-12
SO2_max,2018-09-13
SO2_max,2018-09-14
SO2_max,2018-09-15
SO2_max,2018-09-16
SO2_max,2018-09-17
SO2_max,2018-09-18
SO2_max,2018-09-19
SO2_max,2018-09-20
SO2_max,2018-09-21
SO2_max,2018-09-22
SO2_max,2018-09-23
SO2_max,2018-09-24
SO2_max,2018-09-25
SO2_max,2018-09-26
SO2_max,2018-09-27
SO2_max,2018-09-28
SO2_max,2018-09-29
SO2_max,2018-09-30
SO2_max,2018-10-01
SO2_max,2018-10-02
SO2_max,2018-10-03
SO2_max,2018-10-04
SO2_max,2018-10-05
SO2_max,2018-10-06
SO2_max,2018-10-07
SO2_max,2018-10-08
SO2_max,2018-10-09
SO2_max,2018-10-10
SO2_max,2018-10-11
SO2_max,2018-10-12
SO2_max,2018-10-13
SO2_max,2018-10-14
SO2_max,2018-10-15
SO2_max,2018-10-16
SO2_max,2018-10-17
SO2_max,2018-10-18
SO2_max,2018-10-19
SO2_max,2018-10-20
SO2_max,2018-10-21
SO2_max,2018-10-22
SO2_max,2018-10-23
SO2_max,2018-10-24
SO2_max,2018-10-25
SO2_max,2018-10-26
SO2_max,2018-10-27
SO2_max,2018-10-28
SO2_max,2018-10-29
SO2_max,2018-10-30
SO2_max,2018-10-31
SO2_max,2018-11-01
SO2_max,2018-11-02
SO2_max,2018-11-03
SO2_max,2018-11-04
SO2_max,2018-11-05
SO2_max,2018-11-06
SO2_max,2018-11-07
SO2_max,2018-11-08
SO2_max,2018-11-09
SO2_max,2018-11-10
SO2_max,2018-11-11
SO2_max,2018-11-12
SO2_max,2018-11-13
SO2_max,2018-11-14
SO2_max,2018-11-15
SO2_max,2018-11-16
SO2_max,2018-11-17
SO2_max,2018-11-18
SO2_max,2018-11-19
SO2_max,2018-11-20
SO2_max,2018-11-21
SO2_max,2018-11-22
SO2_max,2018-11-23
SO2_max,2018-11-24
SO2_max,2018-11-25
SO2_max,2018-11-26
SO2_max,2018-11-27
SO2_max,2018-11-28
SO2_max,2018-11-29
SO2_max,2018-11-30
SO2_max,2018-12-01
SO2_max,2018-12-02
SO2_max,2018-12-03
SO2_max,2018-12-04
SO2_max,2018-12-05
SO2_max,2018-12-06
SO2_max,2018-12-07
SO2_max,2018-12-08
SO2_max,2018-12-09
SO2_max,2018-12-10
SO2_max,2018-12-11
SO2_max,2018-12-12
SO2_max,2018-12-13
SO2_max,2018-12-14
SO2_max,2018-12-15
SO2_max,2018-12-16
SO2_max,2018-12-17
SO2_max,2018-12-18
SO2_max,2018-12-19
SO2_max,2018-12-20
SO2_max,2018-12-21
SO2_max,2018-12-22
SO2_max,2018-12-23
SO2_max,2018-12-24
SO2_max,2018-12-25
SO2_max,2018-12-26
SO2_max,2018-12-27
SO2_max,2018-12-28
SO2_max,2018-12-29
SO2_max,2018-12-30
SO2_max,2018-12-31
SO2_mean,2017-01-01
SO2_mean,2017-01-02
SO2_mean,2017-01-03
SO2_mean,2017-01-04
SO2_mean,2017-01-05
SO2_mean,2017-01-06
SO2_mean,2017-01-07
SO2_mean,2017-01-08
SO2_mean,2017-01-09
SO2_mean,2017-01-10
SO2_mean,2017-01-11
SO2_mean,2017-01-12
SO2_mean,2017-01-13
SO2_mean,2017-01-14
SO2_mean,2017-01-15
SO2_mean,2017-01-16
SO2_mean,2017-01-17
SO2_mean,2017-01-18
SO2_mean,2017-01-19
SO2_mean,2017-01-20
SO2_mean,2017-01-21
SO2_mean,2017-01-22
SO2_mean,2017-01-23
SO2_mean,2017-01-24
SO2_mean,2017-01-25
SO2_mean,2017-01-26
SO2_mean,2017-01-27
SO2_mean,2017-01-28
SO2_mean,2017-01-29
SO2_mean,2017-01-30
SO2_mean,2017-01-31
SO2_mean,2017-02-01
SO2_mean,2017-02-02
SO2_mean,2017-02-03
SO2_mean,2017-02-04
SO2_mean,2017-02-05
SO2_mean,2017-02-06
SO2_mean,2017-02-07
SO2_mean,2017-02-08
SO2_mean,2017-02-09
SO2_mean,2017-02-10
SO2_mean,2017-02-11
SO2_mean,2017-02-12
SO2_mean,2017-02-13
SO2_mean,2017-02-14
SO2_mean,2017-02-15
SO2_mean,2017-02-16
SO2_mean,2017-02-17
SO2_mean,2017-02-18
SO2_mean,2017-02-19
SO2_mean,2017-02-20
SO2_mean,2017-02-21
SO2_mean,2017-02-22
SO2_mean,2017-02-23
SO2_mean,2017-02-24
SO2_mean,2017-02-25
SO2_mean,2017-02-26
SO2_mean,2017-02-27
SO2_mean,2017-02-28
SO2_mean,2017-03-01
SO2_mean,2017-03-02
SO2_mean,2017-03-03
SO2_mean,2017-03-04
SO2_mean,2017-03-05
SO2_mean,2017-03-06
SO2_mean,2017-03-07
SO2_mean,2017-03-08
SO2_mean,2017-03-09
SO2_mean,2017-03-10
SO2_mean,2017-03-11
SO2_mean,2017-03-12
SO2_mean,2017-03-13
SO2_mean,2017-03-14
SO2_mean,2017-03-15
SO2_mean,2017-03-16
SO2_mean,2017-03-17
SO2_mean,2017-03-18
SO2_mean,2017-03-19
SO2_mean,2017-03-20
SO2_mean,2017-03-21
SO2_mean,2017-03-22
SO2_mean,2017-03-23
SO2_mean,2017-03-24
SO2_mean,2017-03-25
SO2_mean,2017-03-26
SO2_mean,2017-03-27
SO2_mean,2017-03-28
SO2_mean,2017-03-29
SO2_mean,2017-03-30
SO2_mean,2017-03-31
SO2_mean,2017-04-01
SO2_mean,2017-04-02
SO2_mean,2017-04-03
SO2_mean,2017-04-04
SO2_mean,2017-04-05
SO2_mean,2017-04-06
SO2_mean,2017-04-07
SO2_mean,2017-04-08
SO2_mean,2017-04-09
SO2_mean,2017-04-10
SO2_mean,2017-04-11
SO2_mean,2017-04-12
SO2_mean,2017-04-13
SO2_mean,2017-04-14
SO2_mean,2017-04-15
SO2_mean,2017-04-16
SO2_mean,2017-04-17
SO2_mean,2017-04-18
SO2_mean,2017-04-19
SO2_mean,2017-04-20
SO2_mean,2017-04-21
SO2_mean,2017-04-22
SO2_mean,2017-04-23
SO2_mean,2017-04-24
SO2_mean,2017-04-25
SO2_mean,2017-04-26
SO2_mean,2017-04-27
SO2_mean,2017-04-28
SO2_mean,2017-04-29
SO2_mean,2017-04-30
SO2_mean,2017-05-01
SO2_mean,2017-05-02
SO2_mean,2017-05-03
SO2_mean,2017-05-04
SO2_mean,2017-05-05
SO2_mean,2017-05-06
SO2_mean,2017-05-07
SO2_mean,2017-05-08
SO2_mean,2017-05-09
SO2_mean,2017-05-10
SO2_mean,2017-05-11
SO2_mean,2017-05-12
SO2_mean,2017-05-13
SO2_mean,2017-05-14
SO2_mean,2017-05-15
SO2_mean,2017-05-16
SO2_mean,2017-05-17
SO2_mean,2017-05-18
SO2_mean,2017-05-19
SO2_mean,2017-05-20
SO2_mean,2017-05-21
SO2_mean,2017-05-22
SO2_mean,2017-05-23
SO2_mean,2017-05-24
SO2_mean,2017-05-25
SO2_mean,2017-05-26
SO2_mean,2017-05-27
SO2_mean,2017-05-28
SO2_mean,2017-05-29
SO2_mean,2017-05-30
SO2_mean,2017-05-31
SO2_mean,2017-06-01
SO2_mean,2017-06-02
SO2_mean,2017-06-03
SO2_mean,2017-06-04
SO2_mean,2017-06-05
SO2_mean,2017-06-06
SO2_mean,2017-06-07
SO2_mean,2017-06-08
SO2_mean,2017-06-09
SO2_mean,2017-06-10
SO2_mean,2017-06-11
SO2_mean,2017-06-12
SO2_mean,2017-06-13
SO2_mean,2017-06-14
SO2_mean,2017-06-15
SO2_mean,2017-06-16
SO2_mean,2017-06-17
SO2_mean,2017-06-18
SO2_mean,2017-06-19
SO2_mean,2017-06-20
SO2_mean,2017-06-21
SO2_mean,2017-06-22
SO2_mean,2017-06-23
SO2_mean,2017-06-24
SO2_mean,2017-06-25
SO2_mean,2017-06-26
SO2_mean,2017-06-27
SO2_mean,2017-06-28
SO2_mean,2017-06-29
SO2_mean,2017-06-30
SO2_mean,2017-07-01
SO2_mean,2017-07-02
SO2_mean,2017-07-03
SO2_mean,2017-07-04
SO2_mean,2017-07-05
SO2_mean,2017-07-06
SO2_mean,2017-07-07
SO2_mean,2017-07-08
SO2_mean,2017-07-09
SO2_mean,2017-07-10
SO2_mean,2017-07-11
SO2_mean,2017-07-12
SO2_mean,2017-07-13
SO2_mean,2017-07-14
SO2_mean,2017-07-15
SO2_mean,2017-07-16
SO2_mean,2017-07-17
SO2_mean,2017-07-18
SO2_mean,2017-07-19
SO2_mean,2017-07-20
SO2_mean,2017-07-21
SO2_mean,2017-07-22
SO2_mean,2017-07-23
SO2_mean,2017-07-24
SO2_mean,2017-07-25
SO2_mean,2017-07-26
SO2_mean,2017-07-27
SO2_mean,2017-07-28
SO2_mean,2017-07-29
SO2_mean,2017-07-30
SO2_mean,2017-07-31
SO2_mean,2017-08-01
SO2_mean,2017-08-02
SO2_mean,2017-08-03
SO2_mean,2017-08-04
SO2_mean,2017-08-05
SO2_mean,2017-08-06
SO2_mean,2017-08-07
SO2_mean,2017-08-08
SO2_mean,2017-08-09
SO2_mean,2017-08-10
SO2_mean,2017-08-11
SO2_mean,2017-08-12
SO2_mean,2017-08-13
SO2_mean,2017-08-14
SO2_mean,2017-08-15
SO2_mean,2017-08-16
SO2_mean,2017-08-17
SO2_mean,2017-08-18
SO2_mean,2017-08-19
SO2_mean,2017-08-20
SO2_mean,2017-08-21
SO2_mean,2017-08-22
SO2_mean,2017-08-23
SO2_mean,2017-08-24
SO2_mean,2017-08-25
SO2_mean,2017-08-26
SO2_mean,2017-08-27
SO2_mean,2017-08-28
SO2_mean,2017-08-29
SO2_mean,2017-08-30
SO2_mean,2017-08-31
SO2_mean,2017-09-01
SO2_mean,2017-09-02
SO2_mean,2017-09-03
SO2_mean,2017-09-04
SO2_mean,2017-09-05
SO2_mean,2017-09-06
SO2_mean,2017-09-07
SO2_mean,2017-09-08
SO2_mean,2017-09-09
SO2_mean,2017-09-10
SO2_mean,2017-09-11
SO2_mean,2017-09-12
SO2_mean,2017-09-13
SO2_mean,2017-09-14
SO2_mean,2017-09-15
SO2_mean,2017-09-16
SO2_mean,2017-09-17
SO2_mean,2017-09-18
SO2_mean,2017-09-19
SO2_mean,2017-09-20
SO2_mean,2017-09-21
SO2_mean,2017-09-22
SO2_mean,2017-09-23
SO2_mean,2017-09-24
SO2_mean,2017-09-25
SO2_mean,2017-09-26
SO2_mean,2017-09-27
SO2_mean,2017-09-28
SO2_mean,2017-09-29
SO2_mean,2017-09-30
SO2_mean,2017-10-01
SO2_mean,2017-10-02
SO2_mean,2017-10-03
SO2_mean,2017-10-04
SO2_mean,2017-10-05
SO2_mean,2017-10-06
SO2_mean,2017-10-07
SO2_mean,2017-10-08
SO2_mean,2017-10-09
SO2_mean,2017-10-10
SO2_mean,2017-10-11
SO2_mean,2017-10-12
SO2_mean,2017-10-13
SO2_mean,2017-10-14
SO2_mean,2017-10-15
SO2_mean,2017-10-16
SO2_mean,2017-10-17
SO2_mean,2017-10-18
SO2_mean,2017-10-19
SO2_mean,2017-10-20
SO2_mean,2017-10-21
SO2_mean,2017-10-22
SO2_mean,2017-10-23
SO2_mean,2017-10-24
SO2_mean,2017-10-25
SO2_mean,2017-10-26
SO2_mean,2017-10-27
SO2_mean,2017-10-28
SO2_mean,2017-10-29
SO2_mean,2017-10-30
SO2_mean,2017-10-31
SO2_mean,2017-11-01
SO2_mean,2017-11-02
SO2_mean,2017-11-03
SO2_mean,2017-11-04
SO2_mean,2017-11-05
SO2_mean,2017-11-06
SO2_mean,2017-11-07
SO2_mean,2017-11-08
SO2_mean,2017-11-09
SO2_mean,2017-11-10
SO2_mean,2017-11-11
SO2_mean,2017-11-12
SO2_mean,2017-11-13
SO2_mean,2017-11-14
SO2_mean,2017-11-15
SO2_mean,2017-11-16
SO2_mean,2017-11-17
SO2_mean,2017-11-18
SO2_mean,2017-11-19
SO2_mean,2017-11-20
SO2_mean,2017-11-21
SO2_mean,2017-11-22
SO2_mean,2017-11-23
SO2_mean,2017-11-24
SO2_mean,2017-11-25
SO2_mean,2017-11-26
SO2_mean,2017-11-27
SO2_mean,2017-11-28
SO2_mean,2017-11-29
SO2_mean,2017-11-30
SO2_mean,2017-12-01
SO2_mean,2017-12-02
SO2_mean,2017-12-03
SO2_mean,2017-12-04
SO2_mean,2017-12-05
SO2_mean,2017-12-06
SO2_mean,2017-12-07
SO2_mean,2017-12-08
SO2_mean,2017-12-09
SO2_mean,2017-12-10
SO2_mean,2017-12-11
SO2_mean,2017-12-12
SO2_mean,2017-12-13
SO2_mean,2017-12-14
SO2_mean,2017-12-15
SO2_mean,2017-12-16
SO2_mean,2017-12-17
SO2_mean,2017-12-18
SO2_mean,2017-12-19
SO2_mean,2017-12-20
SO2_mean,2017-12-21
SO2_mean,2017-12-22
SO2_mean,2017-12-23
SO2_mean,2017-12-24
SO2_mean,2017-12-25
SO2_mean,2017-12-26
SO2_mean,2017-12-27
SO2_mean,2017-12-28
SO2_mean,2017-12-29
SO2_mean,2017-12-30
SO2_mean,2017-12-31
SO2_mean,2018-01-01
SO2_mean,2018-01-02
SO2_mean,2018-01-03
SO2_mean,2018-01-04
SO2_mean,2018-01-05
SO2_mean,2018-01-06
SO2_mean,2018-01-07
SO2_mean,2018-01-08
SO2_mean,2018-01-09
SO2_mean,2018-01-10
SO2_mean,2018-01-11
SO2_mean,2018-01-12
SO2_mean,2018-01-13
SO2_mean,2018-01-14
SO2_mean,2018-01-15
SO2_mean,2018-01-16
SO2_mean,2018-01-17
SO2_mean,2018-01-18
SO2_mean,2018-01-19
SO2_mean,2018-01-20
SO2_mean,2018-01-21
SO2_mean,2018-01-22
SO2_mean,2018-01-23
SO2_mean,2018-01-24
SO2_mean,2018-01-25
SO2_mean,2018-01-26
SO2_mean,2018-01-27
SO2_mean,2018-01-28
SO2_mean,2018-01-29
SO2_mean,2018-01-30
SO2_mean,2018-01-31
SO2_mean,2018-02-01
SO2_mean,2018-02-02
SO2_mean,2018-02-03
SO2_mean,2018-02-04
SO2_mean,2018-02-05
SO2_mean,2018-02-06
SO2_mean,2018-02-07
SO2_mean,2018-02-08
SO2_mean,2018-02-09
SO2_mean,2018-02-10
SO2_mean,2018-02-11
SO2_mean,2018-02-12
SO2_mean,2018-02-13
SO2_mean,2018-02-14
SO2_mean,2018-02-15
SO2_mean,2018-02-16
SO2_mean,2018-02-17
SO2_mean,2018-02-18
SO2_mean,2018-02-19
SO2_mean,2018-02-20
SO2_mean,2018-02-21
SO2_mean,2018-02-22
SO2_mean,2018-02-23
SO2_mean,2018-02-24
SO2_mean,2018-02-25
SO2_mean,2018-02-26
SO2_mean,2018-02-27
SO2_mean,2018-02-28
SO2_mean,2018-03-01
SO2_mean,2018-03-02
SO2_mean,2018-03-03
SO2_mean,2018-03-04
SO2_mean,2018-03-05
SO2_mean,2018-03-06
SO2_mean,2018-03-07
SO2_mean,2018-03-08
SO2_mean,2018-03-09
SO2_mean,2018-03-10
SO2_mean,2018-03-11
SO2_mean,2018-03-12
SO2_mean,2018-03-13
SO2_mean,2018-03-14
SO2_mean,2018-03-15
SO2_mean,2018-03-16
SO2_mean,2018-03-17
SO2_mean,2018-03-18
SO2_mean,2018-03-19
SO2_mean,2018-03-20
SO2_mean,2018-03-21
SO2_mean,2018-03-22
SO2_mean,2018-03-23
SO2_mean,2018-03-24
SO2_mean,2018-03-25
SO2_mean,2018-03-26
SO2_mean,2018-03-27
SO2_mean,2018-03-28
SO2_mean,2018-03-29
SO2_mean,2018-03-30
SO2_mean,2018-03-31
SO2_mean,2018-04-01
SO2_mean,2018-04-02
SO2_mean,2018-04-03
SO2_mean,2018-04-04
SO2_mean,2018-04-05
SO2_mean,2018-04-06
SO2_mean,2018-04-07
SO2_mean,2018-04-08
SO2_mean,2018-04-09
SO2_mean,2018-04-10
SO2_mean,2018-04-11
SO2_mean,2018-04-12
SO2_mean,2018-04-13
SO2_mean,2018-04-14
SO2_mean,2018-04-15
SO2_mean,2018-04-16
SO2_mean,2018-04-17
SO2_mean,2018-04-18
SO2_mean,2018-04-19
SO2_mean,2018-04-20
SO2_mean,2018-04-21
SO2_mean,2018-04-22
SO2_mean,2018-04-23
SO2_mean,2018-04-24
SO2_mean,2018-04-25
SO2_mean,2018-04-26
SO2_mean,2018-04-27
SO2_mean,2018-04-28
SO2_mean,2018-04-29
SO2_mean,2018-04-30
SO2_mean,2018-05-01
SO2_mean,2018-05-02
SO2_mean,2018-05-03
SO2_mean,2018-05-04
SO2_mean,2018-05-05
SO2_mean,2018-05-06
SO2_mean,2018-05-07
SO2_mean,2018-05-08
SO2_mean,2018-05-09
SO2_mean,2018-05-10
SO2_mean,2018-05-11
SO2_mean,2018-05-12
SO2_mean,2018-05-13
SO2_mean,2018-05-14
SO2_mean,2018-05-15
SO2_mean,2018-05-16
SO2_mean,2018-05-17
SO2_mean,2018-05-18
SO2_mean,2018-05-19
SO2_mean,2018-05-20
SO2_mean,2018-05-21
SO2_mean,2018-05-22
SO2_mean,2018-05-23
SO2_mean,2018-05-24
SO2_mean,2018-05-25
SO2_mean,2018-05-26
SO2_mean,2018-05-27
SO2_mean,2018-05-28
SO2_mean,2018-05-29
SO2_mean,2018-05-30
SO2_mean,2018-05-31
SO2_mean,2018-06-01
SO2_mean,2018-06-02
SO2_mean,2018-06-03
SO2_mean,2018-06-04
SO2_mean,2018-06-05
SO2_mean,2018-06-06
SO2_mean,2018-06-07
SO2_mean,2018-06-08
SO2_mean,2018-06-09
SO2_mean,2018-06-10
SO2_mean,2018-06-11
SO2_mean,2018-06-12
SO2_mean,2018-06-13
SO2_mean,2018-06-14
SO2_mean,2018-06-15
SO2_mean,2018-06-16
SO2_mean,2018-06-17
SO2_mean,2018-06-18
SO2_mean,2018-06-19
SO2_mean,2018-06-20
SO2_mean,2018-06-21
SO2_mean,2018-06-22
SO2_mean,2018-06-23
SO2_mean,2018-06-24
SO2_mean,2018-06-25
SO2_mean,2018-06-26
SO2_mean,2018-06-27
SO2_mean,2018-06-28
SO2_mean,2018-06-29
SO2_mean,2018-06-30
SO2_mean,2018-07-01
SO2_mean,2018-07-02
SO2_mean,2018-07-03
SO2_mean,2018-07-04
SO2_mean,2018-07-05
SO2_mean,2018-07-06
SO2_mean,2018-07-07
SO2_mean,2018-07-08
SO2_mean,2018-07-09
SO2_mean,2018-07-10
SO2_mean,2018-07-11
SO2_mean,2018-07-12
SO2_mean,2018-07-13
SO2_mean,2018-07-14
SO2_mean,2018-07-15
SO2_mean,2018-07-16
SO2_mean,2018-07-17
SO2_mean,2018-07-18
SO2_mean,2018-07-19
SO2_mean,2018-07-20
SO2_mean,2018-07-21
SO2_mean,2018-07-22
SO2_mean,2018-07-23
SO2_mean,2018-07-24
SO2_mean,2018-07-25
SO2_mean,2018-07-26
SO2_mean,2018-07-27
SO2_mean,2018-07-28
SO2_mean,2018-07-29
SO2_mean,2018-07-30
SO2_mean,2018-07-31
SO2_mean,2018-08-01
SO2_mean,2018-08-02
SO2_mean,2018-08-03
SO2_mean,2018-08-04
SO2_mean,2018-08-05
SO2_mean,2018-08-06
SO2_mean,2018-08-07
SO2_mean,2018-08-08
SO2_mean,2018-08-09
SO2_mean,2018-08-10
SO2_mean,2018-08-11
SO2_mean,2018-08-12
SO2_mean,2018-08-13
SO2_mean,2018-08-14
SO2_mean,2018-08-15
SO2_mean,2018-08-16
SO2_mean,2018-08-17
SO2_mean,2018-08-18
SO2_mean,2018-08-19
SO2_mean,2018-08-20
SO2_mean,2018-08-21
SO2_mean,2018-08-22
SO2_mean,2018-08-23
SO2_mean,2018-08-24
SO2_mean,2018-08-25
SO2_mean,2018-08-26
SO2_mean,2018-08-27
SO2_mean,2018-08-28
SO2_mean,2018-08-29
SO2_mean,2018-08-30
SO2_mean,2018-08-31
SO2_mean,2018-09-01
SO2_mean,2018-09-02
SO2_mean,2018-09-03
SO2_mean,2018-09-04
SO2_mean,2018-09-05
SO2_mean,2018-09-06
SO2_mean,2018-09-07
SO2_mean,2018-09-08
SO2_mean,2018-09-09
SO2_mean,2018-09-10
SO2_mean,2018-09-11
SO2_mean,2018-09-12
SO2_mean,2018-09-13
SO2_mean,2018-09-14
SO2_mean,2018-09-15
SO2_mean,2018-09-16
SO2_mean,2018-09-17
SO2_mean,2018-09-18
SO2_mean,2018-09-19
SO2_mean,2018-09-20
SO2_mean,2018-09-21
SO2_mean,2018-09-22
SO2_mean,2018-09-23
SO2_mean,2018-09-24
SO2_mean,2018-09-25
SO2_mean,2018-09-26
SO2_mean,2018-09-27
SO2_mean,2018-09-28
SO2_mean,2018-09-29
SO2_mean,2018-09-30
SO2_mean,2018-10-01
SO2_mean,2018-10-02
SO2_mean,2018-10-03
SO2_mean,2018-10-04
SO2_mean,2018-10-05
SO2_mean,2018-10-06
SO2_mean,2018-10-07
SO2_mean,2018-10-08
SO2_mean,2018-10-09
SO2_mean,2018-10-10
SO2_mean,2018-10-11
SO2_mean,2018-10-12
SO2_mean,2018-10-13
SO2_mean,2018-10-14
SO2_mean,2018-10-15
SO2_mean,2018-10-16
SO2_mean,2018-10-17
SO2_mean,2018-10-18
SO2_mean,2018-10-19
SO2_mean,2018-10-20
SO2_mean,2018-10-21
SO2_mean,2018-10-22
SO2_mean,2018-10-23
SO2_mean,2018-10-24
SO2_mean,2018-10-25
SO2_mean,2018-10-26
SO2_mean,2018-10-27
SO2_mean,2018-10-28
SO2_mean,2018-10-29
SO2_mean,2018-10-30
SO2_mean,2018-10-31
SO2_mean,2018-11-01
SO2_mean,2018-11-02
SO2_mean,2018-11-03
SO2_mean,2018-11-04
SO2_mean,2018-11-05
SO2_mean,2018-11-06
SO2_mean,2018-11-07
SO2_mean,2018-11-08
SO2_mean,2018-11-09
SO2_mean,2018-11-10
SO2_mean,2018-11-11
SO2_mean,2018-11-12
SO2_mean,2018-11-13
SO2_mean,2018-11-14
SO2_mean,2018-11-15
SO2_mean,2018-11-16
SO2_mean,2018-11-17
SO2_mean,2018-11-18
SO2_mean,2018-11-19
SO2_mean,2018-11-20
SO2_mean,2018-11-21
SO2_mean,2018-11-22
SO2_mean,2018-11-23
SO2_mean,2018-11-24
SO2_mean,2018-11-25
SO2_mean,2018-11-26
SO2_mean,2018-11-27
SO2_mean,2018-11-28
SO2_mean,2018-11-29
SO2_mean,2018-11-30
SO2_mean,2018-12-01
SO2_mean,2018-12-02
SO2_mean,2018-12-03
SO2_mean,2018-12-04
SO2_mean,2018-12-05
SO2_mean,2018-12-06
SO2_mean,2018-12-07
SO2_mean,2018-12-08
SO2_mean,2018-12-09
SO2_mean,2018-12-10
SO2_mean,2018-12-11
SO2_mean,2018-12-12
SO2_mean,2018-12-13
SO2_mean,2018-12-14
SO2_mean,2018-12-15
SO2_mean,2018-12-16
SO2_mean,2018-12-17
SO2_mean,2018-12-18
SO2_mean,2018-12-19
SO2_mean,2018-12-20
SO2_mean,2018-12-21
SO2_mean,2018-12-22
SO2_mean,2018-12-23
SO2_mean,2018-12-24
SO2_mean,2018-12-25
SO2_mean,2018-12-26
SO2_mean,2018-12-27
SO2_mean,2018-12-28
SO2_mean,2018-12-29
SO2_mean,2018-12-30
SO2_mean,2018-12-31
Salix,2017-01-01
Salix,2017-01-02
Salix,2017-01-03
Salix,2017-01-04
Salix,2017-01-05
Salix,2017-01-06
Salix,2017-01-07
Salix,2017-01-08
Salix,2017-01-09
Salix,2017-01-10
Salix,2017-01-11
Salix,2017-01-12
Salix,2017-01-13
Salix,2017-01-14
Salix,2017-01-15
Salix,2017-01-16
Salix,2017-01-17
Salix,2017-01-18
Salix,2017-01-19
Salix,2017-01-20
Salix,2017-01-21
Salix,2017-01-22
Salix,2017-01-23
Salix,2017-01-24
Salix,2017-01-25
Salix,2017-01-26
Salix,2017-01-27
Salix,2017-01-28
Salix,2017-01-29
Salix,2017-01-30
Salix,2017-01-31
Salix,2017-02-01
Salix,2017-02-02
Salix,2017-02-03
Salix,2017-02-04
Salix,2017-02-05
Salix,2017-02-06
Salix,2017-02-07
Salix,2017-02-08
Salix,2017-02-09
Salix,2017-02-10
Salix,2017-02-11
Salix,2017-02-12
Salix,2017-02-13
Salix,2017-02-14
Salix,2017-02-15
Salix,2017-02-16
Salix,2017-02-17
Salix,2017-02-18
Salix,2017-02-19
Salix,2017-02-20
Salix,2017-02-21
Salix,2017-02-22
Salix,2017-02-23
Salix,2017-02-24
Salix,2017-02-25
Salix,2017-02-26
Salix,2017-02-27
Salix,2017-02-28
Salix,2017-03-01
Salix,2017-03-02
Salix,2017-03-03
Salix,2017-03-04
Salix,2017-03-05
Salix,2017-03-06
Salix,2017-03-07
Salix,2017-03-08
Salix,2017-03-09
Salix,2017-03-10
Salix,2017-03-11
Salix,2017-03-12
Salix,2017-03-13
Salix,2017-03-14
Salix,2017-03-15
Salix,2017-03-16
Salix,2017-03-17
Salix,2017-03-18
Salix,2017-03-19
Salix,2017-03-20
Salix,2017-03-21
Salix,2017-03-22
Salix,2017-03-23
Salix,2017-03-24
Salix,2017-03-25
Salix,2017-03-26
Salix,2017-03-27
Salix,2017-03-28
Salix,2017-03-29
Salix,2017-03-30
Salix,2017-03-31
Salix,2017-04-01
Salix,2017-04-02
Salix,2017-04-03
Salix,2017-04-04
Salix,2017-04-05
Salix,2017-04-06
Salix,2017-04-07
Salix,2017-04-08
Salix,2017-04-09
Salix,2017-04-10
Salix,2017-04-11
Salix,2017-04-12
Salix,2017-04-13
Salix,2017-04-14
Salix,2017-04-15
Salix,2017-04-16
Salix,2017-04-17
Salix,2017-04-18
Salix,2017-04-19
Salix,2017-04-20
Salix,2017-04-21
Salix,2017-04-22
Salix,2017-04-23
Salix,2017-04-24
Salix,2017-04-25
Salix,2017-04-26
Salix,2017-04-27
Salix,2017-04-28
Salix,2017-04-29
Salix,2017-04-30
Salix,2017-05-01
Salix,2017-05-02
Salix,2017-05-03
Salix,2017-05-04
Salix,2017-05-05
Salix,2017-05-06
Salix,2017-05-07
Salix,2017-05-08
Salix,2017-05-09
Salix,2017-05-10
Salix,2017-05-11
Salix,2017-05-12
Salix,2017-05-13
Salix,2017-05-14
Salix,2017-05-15
Salix,2017-05-16
Salix,2017-05-17
Salix,2017-05-18
Salix,2017-05-19
Salix,2017-05-20
Salix,2017-05-21
Salix,2017-05-22
Salix,2017-05-23
Salix,2017-05-24
Salix,2017-05-25
Salix,2017-05-26
Salix,2017-05-27
Salix,2017-05-28
Salix,2017-05-29
Salix,2017-05-30
Salix,2017-05-31
Salix,2017-06-01
Salix,2017-06-02
Salix,2017-06-03
Salix,2017-06-04
Salix,2017-06-05
Salix,2017-06-06
Salix,2017-06-07
Salix,2017-06-08
Salix,2017-06-09
Salix,2017-06-10
Salix,2017-06-11
Salix,2017-06-12
Salix,2017-06-13
Salix,2017-06-14
Salix,2017-06-15
Salix,2017-06-16
Salix,2017-06-17
Salix,2017-06-18
Salix,2017-06-19
Salix,2017-06-20
Salix,2017-06-21
Salix,2017-06-22
Salix,2017-06-23
Salix,2017-06-24
Salix,2017-06-25
Salix,2017-06-26
Salix,2017-06-27
Salix,2017-06-28
Salix,2017-06-29
Salix,2017-06-30
Salix,2017-07-01
Salix,2017-07-02
Salix,2017-07-03
Salix,2017-07-04
Salix,2017-07-05
Salix,2017-07-06
Salix,2017-07-07
Salix,2017-07-08
Salix,2017-07-09
Salix,2017-07-10
Salix,2017-07-11
Salix,2017-07-12
Salix,2017-07-13
Salix,2017-07-14
Salix,2017-07-15
Salix,2017-07-16
Salix,2017-07-17
Salix,2017-07-18
Salix,2017-07-19
Salix,2017-07-20
Salix,2017-07-21
Salix,2017-07-22
Salix,2017-07-23
Salix,2017-07-24
Salix,2017-07-25
Salix,2017-07-26
Salix,2017-07-27
Salix,2017-07-28
Salix,2017-07-29
Salix,2017-07-30
Salix,2017-07-31
Salix,2017-08-01
Salix,2017-08-02
Salix,2017-08-03
Salix,2017-08-04
Salix,2017-08-05
Salix,2017-08-06
Salix,2017-08-07
Salix,2017-08-08
Salix,2017-08-09
Salix,2017-08-10
Salix,2017-08-11
Salix,2017-08-12
Salix,2017-08-13
Salix,2017-08-14
Salix,2017-08-15
Salix,2017-08-16
Salix,2017-08-17
Salix,2017-08-18
Salix,2017-08-19
Salix,2017-08-20
Salix,2017-08-21
Salix,2017-08-22
Salix,2017-08-23
Salix,2017-08-24
Salix,2017-08-25
Salix,2017-08-26
Salix,2017-08-27
Salix,2017-08-28
Salix,2017-08-29
Salix,2017-08-30
Salix,2017-08-31
Salix,2017-09-01
Salix,2017-09-02
Salix,2017-09-03
Salix,2017-09-04
Salix,2017-09-05
Salix,2017-09-06
Salix,2017-09-07
Salix,2017-09-08
Salix,2017-09-09
Salix,2017-09-10
Salix,2017-09-11
Salix,2017-09-12
Salix,2017-09-13
Salix,2017-09-14
Salix,2017-09-15
Salix,2017-09-16
Salix,2017-09-17
Salix,2017-09-18
Salix,2017-09-19
Salix,2017-09-20
Salix,2017-09-21
Salix,2017-09-22
Salix,2017-09-23
Salix,2017-09-24
Salix,2017-09-25
Salix,2017-09-26
Salix,2017-09-27
Salix,2017-09-28
Salix,2017-09-29
Salix,2017-09-30
Salix,2017-10-01
Salix,2017-10-02
Salix,2017-10-03
Salix,2017-10-04
Salix,2017-10-05
Salix,2017-10-06
Salix,2017-10-07
Salix,2017-10-08
Salix,2017-10-09
Salix,2017-10-10
Salix,2017-10-11
Salix,2017-10-12
Salix,2017-10-13
Salix,2017-10-14
Salix,2017-10-15
Salix,2017-10-16
Salix,2017-10-17
Salix,2017-10-18
Salix,2017-10-19
Salix,2017-10-20
Salix,2017-10-21
Salix,2017-10-22
Salix,2017-10-23
Salix,2017-10-24
Salix,2017-10-25
Salix,2017-10-26
Salix,2017-10-27
Salix,2017-10-28
Salix,2017-10-29
Salix,2017-10-30
Salix,2017-10-31
Salix,2017-11-01
Salix,2017-11-02
Salix,2017-11-03
Salix,2017-11-04
Salix,2017-11-05
Salix,2017-11-06
Salix,2017-11-07
Salix,2017-11-08
Salix,2017-11-09
Salix,2017-11-10
Salix,2017-11-11
Salix,2017-11-12
Salix,2017-11-13
Salix,2017-11-14
Salix,2017-11-15
Salix,2017-11-16
Salix,2017-11-17
Salix,2017-11-18
Salix,2017-11-19
Salix,2017-11-20
Salix,2017-11-21
Salix,2017-11-22
Salix,2017-11-23
Salix,2017-11-24
Salix,2017-11-25
Salix,2017-11-26
Salix,2017-11-27
Salix,2017-11-28
Salix,2017-11-29
Salix,2017-11-30
Salix,2017-12-01
Salix,2017-12-02
Salix,2017-12-03
Salix,2017-12-04
Salix,2017-12-05
Salix,2017-12-06
Salix,2017-12-07
Salix,2017-12-08
Salix,2017-12-09
Salix,2017-12-10
Salix,2017-12-11
Salix,2017-12-12
Salix,2017-12-13
Salix,2017-12-14
Salix,2017-12-15
Salix,2017-12-16
Salix,2017-12-17
Salix,2017-12-18
Salix,2017-12-19
Salix,2017-12-20
Salix,2017-12-21
Salix,2017-12-22
Salix,2017-12-23
Salix,2017-12-24
Salix,2017-12-25
Salix,2017-12-26
Salix,2017-12-27
Salix,2017-12-28
Salix,2017-12-29
Salix,2017-12-30
Salix,2017-12-31
Salix,2018-01-01
Salix,2018-01-02
Salix,2018-01-03
Salix,2018-01-04
Salix,2018-01-05
Salix,2018-01-06
Salix,2018-01-07
Salix,2018-01-08
Salix,2018-01-09
Salix,2018-01-10
Salix,2018-01-11
Salix,2018-01-12
Salix,2018-01-13
Salix,2018-01-14
Salix,2018-01-15
Salix,2018-01-16
Salix,2018-01-17
Salix,2018-01-18
Salix,2018-01-19
Salix,2018-01-20
Salix,2018-01-21
Salix,2018-01-22
Salix,2018-01-23
Salix,2018-01-24
Salix,2018-01-25
Salix,2018-01-26
Salix,2018-01-27
Salix,2018-01-28
Salix,2018-01-29
Salix,2018-01-30
Salix,2018-01-31
Salix,2018-02-01
Salix,2018-02-02
Salix,2018-02-03
Salix,2018-02-04
Salix,2018-02-05
Salix,2018-02-06
Salix,2018-02-07
Salix,2018-02-08
Salix,2018-02-09
Salix,2018-02-10
Salix,2018-02-11
Salix,2018-02-12
Salix,2018-02-13
Salix,2018-02-14
Salix,2018-02-15
Salix,2018-02-16
Salix,2018-02-17
Salix,2018-02-18
Salix,2018-02-19
Salix,2018-02-20
Salix,2018-02-21
Salix,2018-02-22
Salix,2018-02-23
Salix,2018-02-24
Salix,2018-02-25
Salix,2018-02-26
Salix,2018-02-27
Salix,2018-02-28
Salix,2018-03-01
Salix,2018-03-02
Salix,2018-03-03
Salix,2018-03-04
Salix,2018-03-05
Salix,2018-03-06
Salix,2018-03-07
Salix,2018-03-08
Salix,2018-03-09
Salix,2018-03-10
Salix,2018-03-11
Salix,2018-03-12
Salix,2018-03-13
Salix,2018-03-14
Salix,2018-03-15
Salix,2018-03-16
Salix,2018-03-17
Salix,2018-03-18
Salix,2018-03-19
Salix,2018-03-20
Salix,2018-03-21
Salix,2018-03-22
Salix,2018-03-23
Salix,2018-03-24
Salix,2018-03-25
Salix,2018-03-26
Salix,2018-03-27
Salix,2018-03-28
Salix,2018-03-29
Salix,2018-03-30
Salix,2018-03-31
Salix,2018-04-01
Salix,2018-04-02
Salix,2018-04-03
Salix,2018-04-04
Salix,2018-04-05
Salix,2018-04-06
Salix,2018-04-07
Salix,2018-04-08
Salix,2018-04-09
Salix,2018-04-10
Salix,2018-04-11
Salix,2018-04-12
Salix,2018-04-13
Salix,2018-04-14
Salix,2018-04-15
Salix,2018-04-16
Salix,2018-04-17
Salix,2018-04-18
Salix,2018-04-19
Salix,2018-04-20
Salix,2018-04-21
Salix,2018-04-22
Salix,2018-04-23
Salix,2018-04-24
Salix,2018-04-25
Salix,2018-04-26
Salix,2018-04-27
Salix,2018-04-28
Salix,2018-04-29
Salix,2018-04-30
Salix,2018-05-01
Salix,2018-05-02
Salix,2018-05-03
Salix,2018-05-04
Salix,2018-05-05
Salix,2018-05-06
Salix,2018-05-07
Salix,2018-05-08
Salix,2018-05-09
Salix,2018-05-10
Salix,2018-05-11
Salix,2018-05-12
Salix,2018-05-13
Salix,2018-05-14
Salix,2018-05-15
Salix,2018-05-16
Salix,2018-05-17
Salix,2018-05-18
Salix,2018-05-19
Salix,2018-05-20
Salix,2018-05-21
Salix,2018-05-22
Salix,2018-05-23
Salix,2018-05-24
Salix,2018-05-25
Salix,2018-05-26
Salix,2018-05-27
Salix,2018-05-28
Salix,2018-05-29
Salix,2018-05-30
Salix,2018-05-31
Salix,2018-06-01
Salix,2018-06-02
Salix,2018-06-03
Salix,2018-06-04
Salix,2018-06-05
Salix,2018-06-06
Salix,2018-06-07
Salix,2018-06-08
Salix,2018-06-09
Salix,2018-06-10
Salix,2018-06-11
Salix,2018-06-12
Salix,2018-06-13
Salix,2018-06-14
Salix,2018-06-15
Salix,2018-06-16
Salix,2018-06-17
Salix,2018-06-18
Salix,2018-06-19
Salix,2018-06-20
Salix,2018-06-21
Salix,2018-06-22
Salix,2018-06-23
Salix,2018-06-24
Salix,2018-06-25
Salix,2018-06-26
Salix,2018-06-27
Salix,2018-06-28
Salix,2018-06-29
Salix,2018-06-30
Salix,2018-07-01
Salix,2018-07-02
Salix,2018-07-03
Salix,2018-07-04
Salix,2018-07-05
Salix,2018-07-06
Salix,2018-07-07
Salix,2018-07-08
Salix,2018-07-09
Salix,2018-07-10
Salix,2018-07-11
Salix,2018-07-12
Salix,2018-07-13
Salix,2018-07-14
Salix,2018-07-15
Salix,2018-07-16
Salix,2018-07-17
Salix,2018-07-18
Salix,2018-07-19
Salix,2018-07-20
Salix,2018-07-21
Salix,2018-07-22
Salix,2018-07-23
Salix,2018-07-24
Salix,2018-07-25
Salix,2018-07-26
Salix,2018-07-27
Salix,2018-07-28
Salix,2018-07-29
Salix,2018-07-30
Salix,2018-07-31
Salix,2018-08-01
Salix,2018-08-02
Salix,2018-08-03
Salix,2018-08-04
Salix,2018-08-05
Salix,2018-08-06
Salix,2018-08-07
Salix,2018-08-08
Salix,2018-08-09
Salix,2018-08-10
Salix,2018-08-11
Salix,2018-08-12
Salix,2018-08-13
Salix,2018-08-14
Salix,2018-08-15
Salix,2018-08-16
Salix,2018-08-17
Salix,2018-08-18
Salix,2018-08-19
Salix,2018-08-20
Salix,2018-08-21
Salix,2018-08-22
Salix,2018-08-23
Salix,2018-08-24
Salix,2018-08-25
Salix,2018-08-26
Salix,2018-08-27
Salix,2018-08-28
Salix,2018-08-29
Salix,2018-08-30
Salix,2018-08-31
Salix,2018-09-01
Salix,2018-09-02
Salix,2018-09-03
Salix,2018-09-04
Salix,2018-09-05
Salix,2018-09-06
Salix,2018-09-07
Salix,2018-09-08
Salix,2018-09-09
Salix,2018-09-10
Salix,2018-09-11
Salix,2018-09-12
Salix,2018-09-13
Salix,2018-09-14
Salix,2018-09-15
Salix,2018-09-16
Salix,2018-09-17
Salix,2018-09-18
Salix,2018-09-19
Salix,2018-09-20
Salix,2018-09-21
Salix,2018-09-22
Salix,2018-09-23
Salix,2018-09-24
Salix,2018-09-25
Salix,2018-09-26
Salix,2018-09-27
Salix,2018-09-28
Salix,2018-09-29
Salix,2018-09-30
Salix,2018-10-01
Salix,2018-10-02
Salix,2018-10-03
Salix,2018-10-04
Salix,2018-10-05
Salix,2018-10-06
Salix,2018-10-07
Salix,2018-10-08
Salix,2018-10-09
Salix,2018-10-10
Salix,2018-10-11
Salix,2018-10-12
Salix,2018-10-13
Salix,2018-10-14
Salix,2018-10-15
Salix,2018-10-16
Salix,2018-10-17
Salix,2018-10-18
Salix,2018-10-19
Salix,2018-10-20
Salix,2018-10-21
Salix,2018-10-22
Salix,2018-10-23
Salix,2018-10-24
Salix,2018-10-25
Salix,2018-10-26
Salix,2018-10-27
Salix,2018-10-28
Salix,2018-10-29
Salix,2018-10-30
Salix,2018-10-31
Salix,2018-11-01
Salix,2018-11-02
Salix,2018-11-03
Salix,2018-11-04
Salix,2018-11-05
Salix,2018-11-06
Salix,2018-11-07
Salix,2018-11-08
Salix,2018-11-09
Salix,2018-11-10
Salix,2018-11-11
Salix,2018-11-12
Salix,2018-11-13
Salix,2018-11-14
Salix,2018-11-15
Salix,2018-11-16
Salix,2018-11-17
Salix,2018-11-18
Salix,2018-11-19
Salix,2018-11-20
Salix,2018-11-21
Salix,2018-11-22
Salix,2018-11-23
Salix,2018-11-24
Salix,2018-11-25
Salix,2018-11-26
Salix,2018-11-27
Salix,2018-11-28
Salix,2018-11-29
Salix,2018-11-30
Salix,2018-12-01
Salix,2018-12-02
Salix,2018-12-03
Salix,2018-12-04
Salix,2018-12-05
Salix,2018-12-06
Salix,2018-12-07
Salix,2018-12-08
Salix,2018-12-09
Salix,2018-12-10
Salix,2018-12-11
Salix,2018-12-12
Salix,2018-12-13
Salix,2018-12-14
Salix,2018-12-15
Salix,2018-12-16
Salix,2018-12-17
Salix,2018-12-18
Salix,2018-12-19
Salix,2018-12-20
Salix,2018-12-21
Salix,2018-12-22
Salix,2018-12-23
Salix,2018-12-24
Salix,2018-12-25
Salix,2018-12-26
Salix,2018-12-27
Salix,2018-12-28
Salix,2018-12-29
Salix,2018-12-30
Salix,2018-12-31
Temperature.max,2017-01-01
Temperature.max,2017-01-02
Temperature.max,2017-01-03
Temperature.max,2017-01-04
Temperature.max,2017-01-05
Temperature.max,2017-01-06
Temperature.max,2017-01-07
Temperature.max,2017-01-08
Temperature.max,2017-01-09
Temperature.max,2017-01-10
Temperature.max,2017-01-11
Temperature.max,2017-01-12
Temperature.max,2017-01-13
Temperature.max,2017-01-14
Temperature.max,2017-01-15
Temperature.max,2017-01-16
Temperature.max,2017-01-17
Temperature.max,2017-01-18
Temperature.max,2017-01-19
Temperature.max,2017-01-20
Temperature.max,2017-01-21
Temperature.max,2017-01-22
Temperature.max,2017-01-23
Temperature.max,2017-01-24
Temperature.max,2017-01-25
Temperature.max,2017-01-26
Temperature.max,2017-01-27
Temperature.max,2017-01-28
Temperature.max,2017-01-29
Temperature.max,2017-01-30
Temperature.max,2017-01-31
Temperature.max,2017-02-01
Temperature.max,2017-02-02
Temperature.max,2017-02-03
Temperature.max,2017-02-04
Temperature.max,2017-02-05
Temperature.max,2017-02-06
Temperature.max,2017-02-07
Temperature.max,2017-02-08
Temperature.max,2017-02-09
Temperature.max,2017-02-10
Temperature.max,2017-02-11
Temperature.max,2017-02-12
Temperature.max,2017-02-13
Temperature.max,2017-02-14
Temperature.max,2017-02-15
Temperature.max,2017-02-16
Temperature.max,2017-02-17
Temperature.max,2017-02-18
Temperature.max,2017-02-19
Temperature.max,2017-02-20
Temperature.max,2017-02-21
Temperature.max,2017-02-22
Temperature.max,2017-02-23
Temperature.max,2017-02-24
Temperature.max,2017-02-25
Temperature.max,2017-02-26
Temperature.max,2017-02-27
Temperature.max,2017-02-28
Temperature.max,2017-03-01
Temperature.max,2017-03-02
Temperature.max,2017-03-03
Temperature.max,2017-03-04
Temperature.max,2017-03-05
Temperature.max,2017-03-06
Temperature.max,2017-03-07
Temperature.max,2017-03-08
Temperature.max,2017-03-09
Temperature.max,2017-03-10
Temperature.max,2017-03-11
Temperature.max,2017-03-12
Temperature.max,2017-03-13
Temperature.max,2017-03-14
Temperature.max,2017-03-15
Temperature.max,2017-03-16
Temperature.max,2017-03-17
Temperature.max,2017-03-18
Temperature.max,2017-03-19
Temperature.max,2017-03-20
Temperature.max,2017-03-21
Temperature.max,2017-03-22
Temperature.max,2017-03-23
Temperature.max,2017-03-24
Temperature.max,2017-03-25
Temperature.max,2017-03-26
Temperature.max,2017-03-27
Temperature.max,2017-03-28
Temperature.max,2017-03-29
Temperature.max,2017-03-30
Temperature.max,2017-03-31
Temperature.max,2017-04-01
Temperature.max,2017-04-02
Temperature.max,2017-04-03
Temperature.max,2017-04-04
Temperature.max,2017-04-05
Temperature.max,2017-04-06
Temperature.max,2017-04-07
Temperature.max,2017-04-08
Temperature.max,2017-04-09
Temperature.max,2017-04-10
Temperature.max,2017-04-11
Temperature.max,2017-04-12
Temperature.max,2017-04-13
Temperature.max,2017-04-14
Temperature.max,2017-04-15
Temperature.max,2017-04-16
Temperature.max,2017-04-17
Temperature.max,2017-04-18
Temperature.max,2017-04-19
Temperature.max,2017-04-20
Temperature.max,2017-04-21
Temperature.max,2017-04-22
Temperature.max,2017-04-23
Temperature.max,2017-04-24
Temperature.max,2017-04-25
Temperature.max,2017-04-26
Temperature.max,2017-04-27
Temperature.max,2017-04-28
Temperature.max,2017-04-29
Temperature.max,2017-04-30
Temperature.max,2017-05-01
Temperature.max,2017-05-02
Temperature.max,2017-05-03
Temperature.max,2017-05-04
Temperature.max,2017-05-05
Temperature.max,2017-05-06
Temperature.max,2017-05-07
Temperature.max,2017-05-08
Temperature.max,2017-05-09
Temperature.max,2017-05-10
Temperature.max,2017-05-11
Temperature.max,2017-05-12
Temperature.max,2017-05-13
Temperature.max,2017-05-14
Temperature.max,2017-05-15
Temperature.max,2017-05-16
Temperature.max,2017-05-17
Temperature.max,2017-05-18
Temperature.max,2017-05-19
Temperature.max,2017-05-20
Temperature.max,2017-05-21
Temperature.max,2017-05-22
Temperature.max,2017-05-23
Temperature.max,2017-05-24
Temperature.max,2017-05-25
Temperature.max,2017-05-26
Temperature.max,2017-05-27
Temperature.max,2017-05-28
Temperature.max,2017-05-29
Temperature.max,2017-05-30
Temperature.max,2017-05-31
Temperature.max,2017-06-01
Temperature.max,2017-06-02
Temperature.max,2017-06-03
Temperature.max,2017-06-04
Temperature.max,2017-06-05
Temperature.max,2017-06-06
Temperature.max,2017-06-07
Temperature.max,2017-06-08
Temperature.max,2017-06-09
Temperature.max,2017-06-10
Temperature.max,2017-06-11
Temperature.max,2017-06-12
Temperature.max,2017-06-13
Temperature.max,2017-06-14
Temperature.max,2017-06-15
Temperature.max,2017-06-16
Temperature.max,2017-06-17
Temperature.max,2017-06-18
Temperature.max,2017-06-19
Temperature.max,2017-06-20
Temperature.max,2017-06-21
Temperature.max,2017-06-22
Temperature.max,2017-06-23
Temperature.max,2017-06-24
Temperature.max,2017-06-25
Temperature.max,2017-06-26
Temperature.max,2017-06-27
Temperature.max,2017-06-28
Temperature.max,2017-06-29
Temperature.max,2017-06-30
Temperature.max,2017-07-01
Temperature.max,2017-07-02
Temperature.max,2017-07-03
Temperature.max,2017-07-04
Temperature.max,2017-07-05
Temperature.max,2017-07-06
Temperature.max,2017-07-07
Temperature.max,2017-07-08
Temperature.max,2017-07-09
Temperature.max,2017-07-10
Temperature.max,2017-07-11
Temperature.max,2017-07-12
Temperature.max,2017-07-13
Temperature.max,2017-07-14
Temperature.max,2017-07-15
Temperature.max,2017-07-16
Temperature.max,2017-07-17
Temperature.max,2017-07-18
Temperature.max,2017-07-19
Temperature.max,2017-07-20
Temperature.max,2017-07-21
Temperature.max,2017-07-22
Temperature.max,2017-07-23
Temperature.max,2017-07-24
Temperature.max,2017-07-25
Temperature.max,2017-07-26
Temperature.max,2017-07-27
Temperature.max,2017-07-28
Temperature.max,2017-07-29
Temperature.max,2017-07-30
Temperature.max,2017-07-31
Temperature.max,2017-08-01
Temperature.max,2017-08-02
Temperature.max,2017-08-03
Temperature.max,2017-08-04
Temperature.max,2017-08-05
Temperature.max,2017-08-06
Temperature.max,2017-08-07
Temperature.max,2017-08-08
Temperature.max,2017-08-09
Temperature.max,2017-08-10
Temperature.max,2017-08-11
Temperature.max,2017-08-12
Temperature.max,2017-08-13
Temperature.max,2017-08-14
Temperature.max,2017-08-15
Temperature.max,2017-08-16
Temperature.max,2017-08-17
Temperature.max,2017-08-18
Temperature.max,2017-08-19
Temperature.max,2017-08-20
Temperature.max,2017-08-21
Temperature.max,2017-08-22
Temperature.max,2017-08-23
Temperature.max,2017-08-24
Temperature.max,2017-08-25
Temperature.max,2017-08-26
Temperature.max,2017-08-27
Temperature.max,2017-08-28
Temperature.max,2017-08-29
Temperature.max,2017-08-30
Temperature.max,2017-08-31
Temperature.max,2017-09-01
Temperature.max,2017-09-02
Temperature.max,2017-09-03
Temperature.max,2017-09-04
Temperature.max,2017-09-05
Temperature.max,2017-09-06
Temperature.max,2017-09-07
Temperature.max,2017-09-08
Temperature.max,2017-09-09
Temperature.max,2017-09-10
Temperature.max,2017-09-11
Temperature.max,2017-09-12
Temperature.max,2017-09-13
Temperature.max,2017-09-14
Temperature.max,2017-09-15
Temperature.max,2017-09-16
Temperature.max,2017-09-17
Temperature.max,2017-09-18
Temperature.max,2017-09-19
Temperature.max,2017-09-20
Temperature.max,2017-09-21
Temperature.max,2017-09-22
Temperature.max,2017-09-23
Temperature.max,2017-09-24
Temperature.max,2017-09-25
Temperature.max,2017-09-26
Temperature.max,2017-09-27
Temperature.max,2017-09-28
Temperature.max,2017-09-29
Temperature.max,2017-09-30
Temperature.max,2017-10-01
Temperature.max,2017-10-02
Temperature.max,2017-10-03
Temperature.max,2017-10-04
Temperature.max,2017-10-05
Temperature.max,2017-10-06
Temperature.max,2017-10-07
Temperature.max,2017-10-08
Temperature.max,2017-10-09
Temperature.max,2017-10-10
Temperature.max,2017-10-11
Temperature.max,2017-10-12
Temperature.max,2017-10-13
Temperature.max,2017-10-14
Temperature.max,2017-10-15
Temperature.max,2017-10-16
Temperature.max,2017-10-17
Temperature.max,2017-10-18
Temperature.max,2017-10-19
Temperature.max,2017-10-20
Temperature.max,2017-10-21
Temperature.max,2017-10-22
Temperature.max,2017-10-23
Temperature.max,2017-10-24
Temperature.max,2017-10-25
Temperature.max,2017-10-26
Temperature.max,2017-10-27
Temperature.max,2017-10-28
Temperature.max,2017-10-29
Temperature.max,2017-10-30
Temperature.max,2017-10-31
Temperature.max,2017-11-01
Temperature.max,2017-11-02
Temperature.max,2017-11-03
Temperature.max,2017-11-04
Temperature.max,2017-11-05
Temperature.max,2017-11-06
Temperature.max,2017-11-07
Temperature.max,2017-11-08
Temperature.max,2017-11-09
Temperature.max,2017-11-10
Temperature.max,2017-11-11
Temperature.max,2017-11-12
Temperature.max,2017-11-13
Temperature.max,2017-11-14
Temperature.max,2017-11-15
Temperature.max,2017-11-16
Temperature.max,2017-11-17
Temperature.max,2017-11-18
Temperature.max,2017-11-19
Temperature.max,2017-11-20
Temperature.max,2017-11-21
Temperature.max,2017-11-22
Temperature.max,2017-11-23
Temperature.max,2017-11-24
Temperature.max,2017-11-25
Temperature.max,2017-11-26
Temperature.max,2017-11-27
Temperature.max,2017-11-28
Temperature.max,2017-11-29
Temperature.max,2017-11-30
Temperature.max,2017-12-01
Temperature.max,2017-12-02
Temperature.max,2017-12-03
Temperature.max,2017-12-04
Temperature.max,2017-12-05
Temperature.max,2017-12-06
Temperature.max,2017-12-07
Temperature.max,2017-12-08
Temperature.max,2017-12-09
Temperature.max,2017-12-10
Temperature.max,2017-12-11
Temperature.max,2017-12-12
Temperature.max,2017-12-13
Temperature.max,2017-12-14
Temperature.max,2017-12-15
Temperature.max,2017-12-16
Temperature.max,2017-12-17
Temperature.max,2017-12-18
Temperature.max,2017-12-19
Temperature.max,2017-12-20
Temperature.max,2017-12-21
Temperature.max,2017-12-22
Temperature.max,2017-12-23
Temperature.max,2017-12-24
Temperature.max,2017-12-25
Temperature.max,2017-12-26
Temperature.max,2017-12-27
Temperature.max,2017-12-28
Temperature.max,2017-12-29
Temperature.max,2017-12-30
Temperature.max,2017-12-31
Temperature.max,2018-01-01
Temperature.max,2018-01-02
Temperature.max,2018-01-03
Temperature.max,2018-01-04
Temperature.max,2018-01-05
Temperature.max,2018-01-06
Temperature.max,2018-01-07
Temperature.max,2018-01-08
Temperature.max,2018-01-09
Temperature.max,2018-01-10
Temperature.max,2018-01-11
Temperature.max,2018-01-12
Temperature.max,2018-01-13
Temperature.max,2018-01-14
Temperature.max,2018-01-15
Temperature.max,2018-01-16
Temperature.max,2018-01-17
Temperature.max,2018-01-18
Temperature.max,2018-01-19
Temperature.max,2018-01-20
Temperature.max,2018-01-21
Temperature.max,2018-01-22
Temperature.max,2018-01-23
Temperature.max,2018-01-24
Temperature.max,2018-01-25
Temperature.max,2018-01-26
Temperature.max,2018-01-27
Temperature.max,2018-01-28
Temperature.max,2018-01-29
Temperature.max,2018-01-30
Temperature.max,2018-01-31
Temperature.max,2018-02-01
Temperature.max,2018-02-02
Temperature.max,2018-02-03
Temperature.max,2018-02-04
Temperature.max,2018-02-05
Temperature.max,2018-02-06
Temperature.max,2018-02-07
Temperature.max,2018-02-08
Temperature.max,2018-02-09
Temperature.max,2018-02-10
Temperature.max,2018-02-11
Temperature.max,2018-02-12
Temperature.max,2018-02-13
Temperature.max,2018-02-14
Temperature.max,2018-02-15
Temperature.max,2018-02-16
Temperature.max,2018-02-17
Temperature.max,2018-02-18
Temperature.max,2018-02-19
Temperature.max,2018-02-20
Temperature.max,2018-02-21
Temperature.max,2018-02-22
Temperature.max,2018-02-23
Temperature.max,2018-02-24
Temperature.max,2018-02-25
Temperature.max,2018-02-26
Temperature.max,2018-02-27
Temperature.max,2018-02-28
Temperature.max,2018-03-01
Temperature.max,2018-03-02
Temperature.max,2018-03-03
Temperature.max,2018-03-04
Temperature.max,2018-03-05
Temperature.max,2018-03-06
Temperature.max,2018-03-07
Temperature.max,2018-03-08
Temperature.max,2018-03-09
Temperature.max,2018-03-10
Temperature.max,2018-03-11
Temperature.max,2018-03-12
Temperature.max,2018-03-13
Temperature.max,2018-03-14
Temperature.max,2018-03-15
Temperature.max,2018-03-16
Temperature.max,2018-03-17
Temperature.max,2018-03-18
Temperature.max,2018-03-19
Temperature.max,2018-03-20
Temperature.max,2018-03-21
Temperature.max,2018-03-22
Temperature.max,2018-03-23
Temperature.max,2018-03-24
Temperature.max,2018-03-25
Temperature.max,2018-03-26
Temperature.max,2018-03-27
Temperature.max,2018-03-28
Temperature.max,2018-03-29
Temperature.max,2018-03-30
Temperature.max,2018-03-31
Temperature.max,2018-04-01
Temperature.max,2018-04-02
Temperature.max,2018-04-03
Temperature.max,2018-04-04
Temperature.max,2018-04-05
Temperature.max,2018-04-06
Temperature.max,2018-04-07
Temperature.max,2018-04-08
Temperature.max,2018-04-09
Temperature.max,2018-04-10
Temperature.max,2018-04-11
Temperature.max,2018-04-12
Temperature.max,2018-04-13
Temperature.max,2018-04-14
Temperature.max,2018-04-15
Temperature.max,2018-04-16
Temperature.max,2018-04-17
Temperature.max,2018-04-18
Temperature.max,2018-04-19
Temperature.max,2018-04-20
Temperature.max,2018-04-21
Temperature.max,2018-04-22
Temperature.max,2018-04-23
Temperature.max,2018-04-24
Temperature.max,2018-04-25
Temperature.max,2018-04-26
Temperature.max,2018-04-27
Temperature.max,2018-04-28
Temperature.max,2018-04-29
Temperature.max,2018-04-30
Temperature.max,2018-05-01
Temperature.max,2018-05-02
Temperature.max,2018-05-03
Temperature.max,2018-05-04
Temperature.max,2018-05-05
Temperature.max,2018-05-06
Temperature.max,2018-05-07
Temperature.max,2018-05-08
Temperature.max,2018-05-09
Temperature.max,2018-05-10
Temperature.max,2018-05-11
Temperature.max,2018-05-12
Temperature.max,2018-05-13
Temperature.max,2018-05-14
Temperature.max,2018-05-15
Temperature.max,2018-05-16
Temperature.max,2018-05-17
Temperature.max,2018-05-18
Temperature.max,2018-05-19
Temperature.max,2018-05-20
Temperature.max,2018-05-21
Temperature.max,2018-05-22
Temperature.max,2018-05-23
Temperature.max,2018-05-24
Temperature.max,2018-05-25
Temperature.max,2018-05-26
Temperature.max,2018-05-27
Temperature.max,2018-05-28
Temperature.max,2018-05-29
Temperature.max,2018-05-30
Temperature.max,2018-05-31
Temperature.max,2018-06-01
Temperature.max,2018-06-02
Temperature.max,2018-06-03
Temperature.max,2018-06-04
Temperature.max,2018-06-05
Temperature.max,2018-06-06
Temperature.max,2018-06-07
Temperature.max,2018-06-08
Temperature.max,2018-06-09
Temperature.max,2018-06-10
Temperature.max,2018-06-11
Temperature.max,2018-06-12
Temperature.max,2018-06-13
Temperature.max,2018-06-14
Temperature.max,2018-06-15
Temperature.max,2018-06-16
Temperature.max,2018-06-17
Temperature.max,2018-06-18
Temperature.max,2018-06-19
Temperature.max,2018-06-20
Temperature.max,2018-06-21
Temperature.max,2018-06-22
Temperature.max,2018-06-23
Temperature.max,2018-06-24
Temperature.max,2018-06-25
Temperature.max,2018-06-26
Temperature.max,2018-06-27
Temperature.max,2018-06-28
Temperature.max,2018-06-29
Temperature.max,2018-06-30
Temperature.max,2018-07-01
Temperature.max,2018-07-02
Temperature.max,2018-07-03
Temperature.max,2018-07-04
Temperature.max,2018-07-05
Temperature.max,2018-07-06
Temperature.max,2018-07-07
Temperature.max,2018-07-08
Temperature.max,2018-07-09
Temperature.max,2018-07-10
Temperature.max,2018-07-11
Temperature.max,2018-07-12
Temperature.max,2018-07-13
Temperature.max,2018-07-14
Temperature.max,2018-07-15
Temperature.max,2018-07-16
Temperature.max,2018-07-17
Temperature.max,2018-07-18
Temperature.max,2018-07-19
Temperature.max,2018-07-20
Temperature.max,2018-07-21
Temperature.max,2018-07-22
Temperature.max,2018-07-23
Temperature.max,2018-07-24
Temperature.max,2018-07-25
Temperature.max,2018-07-26
Temperature.max,2018-07-27
Temperature.max,2018-07-28
Temperature.max,2018-07-29
Temperature.max,2018-07-30
Temperature.max,2018-07-31
Temperature.max,2018-08-01
Temperature.max,2018-08-02
Temperature.max,2018-08-03
Temperature.max,2018-08-04
Temperature.max,2018-08-05
Temperature.max,2018-08-06
Temperature.max,2018-08-07
Temperature.max,2018-08-08
Temperature.max,2018-08-09
Temperature.max,2018-08-10
Temperature.max,2018-08-11
Temperature.max,2018-08-12
Temperature.max,2018-08-13
Temperature.max,2018-08-14
Temperature.max,2018-08-15
Temperature.max,2018-08-16
Temperature.max,2018-08-17
Temperature.max,2018-08-18
Temperature.max,2018-08-19
Temperature.max,2018-08-20
Temperature.max,2018-08-21
Temperature.max,2018-08-22
Temperature.max,2018-08-23
Temperature.max,2018-08-24
Temperature.max,2018-08-25
Temperature.max,2018-08-26
Temperature.max,2018-08-27
Temperature.max,2018-08-28
Temperature.max,2018-08-29
Temperature.max,2018-08-30
Temperature.max,2018-08-31
Temperature.max,2018-09-01
Temperature.max,2018-09-02
Temperature.max,2018-09-03
Temperature.max,2018-09-04
Temperature.max,2018-09-05
Temperature.max,2018-09-06
Temperature.max,2018-09-07
Temperature.max,2018-09-08
Temperature.max,2018-09-09
Temperature.max,2018-09-10
Temperature.max,2018-09-11
Temperature.max,2018-09-12
Temperature.max,2018-09-13
Temperature.max,2018-09-14
Temperature.max,2018-09-15
Temperature.max,2018-09-16
Temperature.max,2018-09-17
Temperature.max,2018-09-18
Temperature.max,2018-09-19
Temperature.max,2018-09-20
Temperature.max,2018-09-21
Temperature.max,2018-09-22
Temperature.max,2018-09-23
Temperature.max,2018-09-24
Temperature.max,2018-09-25
Temperature.max,2018-09-26
Temperature.max,2018-09-27
Temperature.max,2018-09-28
Temperature.max,2018-09-29
Temperature.max,2018-09-30
Temperature.max,2018-10-01
Temperature.max,2018-10-02
Temperature.max,2018-10-03
Temperature.max,2018-10-04
Temperature.max,2018-10-05
Temperature.max,2018-10-06
Temperature.max,2018-10-07
Temperature.max,2018-10-08
Temperature.max,2018-10-09
Temperature.max,2018-10-10
Temperature.max,2018-10-11
Temperature.max,2018-10-12
Temperature.max,2018-10-13
Temperature.max,2018-10-14
Temperature.max,2018-10-15
Temperature.max,2018-10-16
Temperature.max,2018-10-17
Temperature.max,2018-10-18
Temperature.max,2018-10-19
Temperature.max,2018-10-20
Temperature.max,2018-10-21
Temperature.max,2018-10-22
Temperature.max,2018-10-23
Temperature.max,2018-10-24
Temperature.max,2018-10-25
Temperature.max,2018-10-26
Temperature.max,2018-10-27
Temperature.max,2018-10-28
Temperature.max,2018-10-29
Temperature.max,2018-10-30
Temperature.max,2018-10-31
Temperature.max,2018-11-01
Temperature.max,2018-11-02
Temperature.max,2018-11-03
Temperature.max,2018-11-04
Temperature.max,2018-11-05
Temperature.max,2018-11-06
Temperature.max,2018-11-07
Temperature.max,2018-11-08
Temperature.max,2018-11-09
Temperature.max,2018-11-10
Temperature.max,2018-11-11
Temperature.max,2018-11-12
Temperature.max,2018-11-13
Temperature.max,2018-11-14
Temperature.max,2018-11-15
Temperature.max,2018-11-16
Temperature.max,2018-11-17
Temperature.max,2018-11-18
Temperature.max,2018-11-19
Temperature.max,2018-11-20
Temperature.max,2018-11-21
Temperature.max,2018-11-22
Temperature.max,2018-11-23
Temperature.max,2018-11-24
Temperature.max,2018-11-25
Temperature.max,2018-11-26
Temperature.max,2018-11-27
Temperature.max,2018-11-28
Temperature.max,2018-11-29
Temperature.max,2018-11-30
Temperature.max,2018-12-01
Temperature.max,2018-12-02
Temperature.max,2018-12-03
Temperature.max,2018-12-04
Temperature.max,2018-12-05
Temperature.max,2018-12-06
Temperature.max,2018-12-07
Temperature.max,2018-12-08
Temperature.max,2018-12-09
Temperature.max,2018-12-10
Temperature.max,2018-12-11
Temperature.max,2018-12-12
Temperature.max,2018-12-13
Temperature.max,2018-12-14
Temperature.max,2018-12-15
Temperature.max,2018-12-16
Temperature.max,2018-12-17
Temperature.max,2018-12-18
Temperature.max,2018-12-19
Temperature.max,2018-12-20
Temperature.max,2018-12-21
Temperature.max,2018-12-22
Temperature.max,2018-12-23
Temperature.max,2018-12-24
Temperature.max,2018-12-25
Temperature.max,2018-12-26
Temperature.max,2018-12-27
Temperature.max,2018-12-28
Temperature.max,2018-12-29
Temperature.max,2018-12-30
Temperature.max,2018-12-31
Temperature.mean,2017-01-01
Temperature.mean,2017-01-02
Temperature.mean,2017-01-03
Temperature.mean,2017-01-04
Temperature.mean,2017-01-05
Temperature.mean,2017-01-06
Temperature.mean,2017-01-07
Temperature.mean,2017-01-08
Temperature.mean,2017-01-09
Temperature.mean,2017-01-10
Temperature.mean,2017-01-11
Temperature.mean,2017-01-12
Temperature.mean,2017-01-13
Temperature.mean,2017-01-14
Temperature.mean,2017-01-15
Temperature.mean,2017-01-16
Temperature.mean,2017-01-17
Temperature.mean,2017-01-18
Temperature.mean,2017-01-19
Temperature.mean,2017-01-20
Temperature.mean,2017-01-21
Temperature.mean,2017-01-22
Temperature.mean,2017-01-23
Temperature.mean,2017-01-24
Temperature.mean,2017-01-25
Temperature.mean,2017-01-26
Temperature.mean,2017-01-27
Temperature.mean,2017-01-28
Temperature.mean,2017-01-29
Temperature.mean,2017-01-30
Temperature.mean,2017-01-31
Temperature.mean,2017-02-01
Temperature.mean,2017-02-02
Temperature.mean,2017-02-03
Temperature.mean,2017-02-04
Temperature.mean,2017-02-05
Temperature.mean,2017-02-06
Temperature.mean,2017-02-07
Temperature.mean,2017-02-08
Temperature.mean,2017-02-09
Temperature.mean,2017-02-10
Temperature.mean,2017-02-11
Temperature.mean,2017-02-12
Temperature.mean,2017-02-13
Temperature.mean,2017-02-14
Temperature.mean,2017-02-15
Temperature.mean,2017-02-16
Temperature.mean,2017-02-17
Temperature.mean,2017-02-18
Temperature.mean,2017-02-19
Temperature.mean,2017-02-20
Temperature.mean,2017-02-21
Temperature.mean,2017-02-22
Temperature.mean,2017-02-23
Temperature.mean,2017-02-24
Temperature.mean,2017-02-25
Temperature.mean,2017-02-26
Temperature.mean,2017-02-27
Temperature.mean,2017-02-28
Temperature.mean,2017-03-01
Temperature.mean,2017-03-02
Temperature.mean,2017-03-03
Temperature.mean,2017-03-04
Temperature.mean,2017-03-05
Temperature.mean,2017-03-06
Temperature.mean,2017-03-07
Temperature.mean,2017-03-08
Temperature.mean,2017-03-09
Temperature.mean,2017-03-10
Temperature.mean,2017-03-11
Temperature.mean,2017-03-12
Temperature.mean,2017-03-13
Temperature.mean,2017-03-14
Temperature.mean,2017-03-15
Temperature.mean,2017-03-16
Temperature.mean,2017-03-17
Temperature.mean,2017-03-18
Temperature.mean,2017-03-19
Temperature.mean,2017-03-20
Temperature.mean,2017-03-21
Temperature.mean,2017-03-22
Temperature.mean,2017-03-23
Temperature.mean,2017-03-24
Temperature.mean,2017-03-25
Temperature.mean,2017-03-26
Temperature.mean,2017-03-27
Temperature.mean,2017-03-28
Temperature.mean,2017-03-29
Temperature.mean,2017-03-30
Temperature.mean,2017-03-31
Temperature.mean,2017-04-01
Temperature.mean,2017-04-02
Temperature.mean,2017-04-03
Temperature.mean,2017-04-04
Temperature.mean,2017-04-05
Temperature.mean,2017-04-06
Temperature.mean,2017-04-07
Temperature.mean,2017-04-08
Temperature.mean,2017-04-09
Temperature.mean,2017-04-10
Temperature.mean,2017-04-11
Temperature.mean,2017-04-12
Temperature.mean,2017-04-13
Temperature.mean,2017-04-14
Temperature.mean,2017-04-15
Temperature.mean,2017-04-16
Temperature.mean,2017-04-17
Temperature.mean,2017-04-18
Temperature.mean,2017-04-19
Temperature.mean,2017-04-20
Temperature.mean,2017-04-21
Temperature.mean,2017-04-22
Temperature.mean,2017-04-23
Temperature.mean,2017-04-24
Temperature.mean,2017-04-25
Temperature.mean,2017-04-26
Temperature.mean,2017-04-27
Temperature.mean,2017-04-28
Temperature.mean,2017-04-29
Temperature.mean,2017-04-30
Temperature.mean,2017-05-01
Temperature.mean,2017-05-02
Temperature.mean,2017-05-03
Temperature.mean,2017-05-04
Temperature.mean,2017-05-05
Temperature.mean,2017-05-06
Temperature.mean,2017-05-07
Temperature.mean,2017-05-08
Temperature.mean,2017-05-09
Temperature.mean,2017-05-10
Temperature.mean,2017-05-11
Temperature.mean,2017-05-12
Temperature.mean,2017-05-13
Temperature.mean,2017-05-14
Temperature.mean,2017-05-15
Temperature.mean,2017-05-16
Temperature.mean,2017-05-17
Temperature.mean,2017-05-18
Temperature.mean,2017-05-19
Temperature.mean,2017-05-20
Temperature.mean,2017-05-21
Temperature.mean,2017-05-22
Temperature.mean,2017-05-23
Temperature.mean,2017-05-24
Temperature.mean,2017-05-25
Temperature.mean,2017-05-26
Temperature.mean,2017-05-27
Temperature.mean,2017-05-28
Temperature.mean,2017-05-29
Temperature.mean,2017-05-30
Temperature.mean,2017-05-31
Temperature.mean,2017-06-01
Temperature.mean,2017-06-02
Temperature.mean,2017-06-03
Temperature.mean,2017-06-04
Temperature.mean,2017-06-05
Temperature.mean,2017-06-06
Temperature.mean,2017-06-07
Temperature.mean,2017-06-08
Temperature.mean,2017-06-09
Temperature.mean,2017-06-10
Temperature.mean,2017-06-11
Temperature.mean,2017-06-12
Temperature.mean,2017-06-13
Temperature.mean,2017-06-14
Temperature.mean,2017-06-15
Temperature.mean,2017-06-16
Temperature.mean,2017-06-17
Temperature.mean,2017-06-18
Temperature.mean,2017-06-19
Temperature.mean,2017-06-20
Temperature.mean,2017-06-21
Temperature.mean,2017-06-22
Temperature.mean,2017-06-23
Temperature.mean,2017-06-24
Temperature.mean,2017-06-25
Temperature.mean,2017-06-26
Temperature.mean,2017-06-27
Temperature.mean,2017-06-28
Temperature.mean,2017-06-29
Temperature.mean,2017-06-30
Temperature.mean,2017-07-01
Temperature.mean,2017-07-02
Temperature.mean,2017-07-03
Temperature.mean,2017-07-04
Temperature.mean,2017-07-05
Temperature.mean,2017-07-06
Temperature.mean,2017-07-07
Temperature.mean,2017-07-08
Temperature.mean,2017-07-09
Temperature.mean,2017-07-10
Temperature.mean,2017-07-11
Temperature.mean,2017-07-12
Temperature.mean,2017-07-13
Temperature.mean,2017-07-14
Temperature.mean,2017-07-15
Temperature.mean,2017-07-16
Temperature.mean,2017-07-17
Temperature.mean,2017-07-18
Temperature.mean,2017-07-19
Temperature.mean,2017-07-20
Temperature.mean,2017-07-21
Temperature.mean,2017-07-22
Temperature.mean,2017-07-23
Temperature.mean,2017-07-24
Temperature.mean,2017-07-25
Temperature.mean,2017-07-26
Temperature.mean,2017-07-27
Temperature.mean,2017-07-28
Temperature.mean,2017-07-29
Temperature.mean,2017-07-30
Temperature.mean,2017-07-31
Temperature.mean,2017-08-01
Temperature.mean,2017-08-02
Temperature.mean,2017-08-03
Temperature.mean,2017-08-04
Temperature.mean,2017-08-05
Temperature.mean,2017-08-06
Temperature.mean,2017-08-07
Temperature.mean,2017-08-08
Temperature.mean,2017-08-09
Temperature.mean,2017-08-10
Temperature.mean,2017-08-11
Temperature.mean,2017-08-12
Temperature.mean,2017-08-13
Temperature.mean,2017-08-14
Temperature.mean,2017-08-15
Temperature.mean,2017-08-16
Temperature.mean,2017-08-17
Temperature.mean,2017-08-18
Temperature.mean,2017-08-19
Temperature.mean,2017-08-20
Temperature.mean,2017-08-21
Temperature.mean,2017-08-22
Temperature.mean,2017-08-23
Temperature.mean,2017-08-24
Temperature.mean,2017-08-25
Temperature.mean,2017-08-26
Temperature.mean,2017-08-27
Temperature.mean,2017-08-28
Temperature.mean,2017-08-29
Temperature.mean,2017-08-30
Temperature.mean,2017-08-31
Temperature.mean,2017-09-01
Temperature.mean,2017-09-02
Temperature.mean,2017-09-03
Temperature.mean,2017-09-04
Temperature.mean,2017-09-05
Temperature.mean,2017-09-06
Temperature.mean,2017-09-07
Temperature.mean,2017-09-08
Temperature.mean,2017-09-09
Temperature.mean,2017-09-10
Temperature.mean,2017-09-11
Temperature.mean,2017-09-12
Temperature.mean,2017-09-13
Temperature.mean,2017-09-14
Temperature.mean,2017-09-15
Temperature.mean,2017-09-16
Temperature.mean,2017-09-17
Temperature.mean,2017-09-18
Temperature.mean,2017-09-19
Temperature.mean,2017-09-20
Temperature.mean,2017-09-21
Temperature.mean,2017-09-22
Temperature.mean,2017-09-23
Temperature.mean,2017-09-24
Temperature.mean,2017-09-25
Temperature.mean,2017-09-26
Temperature.mean,2017-09-27
Temperature.mean,2017-09-28
Temperature.mean,2017-09-29
Temperature.mean,2017-09-30
Temperature.mean,2017-10-01
Temperature.mean,2017-10-02
Temperature.mean,2017-10-03
Temperature.mean,2017-10-04
Temperature.mean,2017-10-05
Temperature.mean,2017-10-06
Temperature.mean,2017-10-07
Temperature.mean,2017-10-08
Temperature.mean,2017-10-09
Temperature.mean,2017-10-10
Temperature.mean,2017-10-11
Temperature.mean,2017-10-12
Temperature.mean,2017-10-13
Temperature.mean,2017-10-14
Temperature.mean,2017-10-15
Temperature.mean,2017-10-16
Temperature.mean,2017-10-17
Temperature.mean,2017-10-18
Temperature.mean,2017-10-19
Temperature.mean,2017-10-20
Temperature.mean,2017-10-21
Temperature.mean,2017-10-22
Temperature.mean,2017-10-23
Temperature.mean,2017-10-24
Temperature.mean,2017-10-25
Temperature.mean,2017-10-26
Temperature.mean,2017-10-27
Temperature.mean,2017-10-28
Temperature.mean,2017-10-29
Temperature.mean,2017-10-30
Temperature.mean,2017-10-31
Temperature.mean,2017-11-01
Temperature.mean,2017-11-02
Temperature.mean,2017-11-03
Temperature.mean,2017-11-04
Temperature.mean,2017-11-05
Temperature.mean,2017-11-06
Temperature.mean,2017-11-07
Temperature.mean,2017-11-08
Temperature.mean,2017-11-09
Temperature.mean,2017-11-10
Temperature.mean,2017-11-11
Temperature.mean,2017-11-12
Temperature.mean,2017-11-13
Temperature.mean,2017-11-14
Temperature.mean,2017-11-15
Temperature.mean,2017-11-16
Temperature.mean,2017-11-17
Temperature.mean,2017-11-18
Temperature.mean,2017-11-19
Temperature.mean,2017-11-20
Temperature.mean,2017-11-21
Temperature.mean,2017-11-22
Temperature.mean,2017-11-23
Temperature.mean,2017-11-24
Temperature.mean,2017-11-25
Temperature.mean,2017-11-26
Temperature.mean,2017-11-27
Temperature.mean,2017-11-28
Temperature.mean,2017-11-29
Temperature.mean,2017-11-30
Temperature.mean,2017-12-01
Temperature.mean,2017-12-02
Temperature.mean,2017-12-03
Temperature.mean,2017-12-04
Temperature.mean,2017-12-05
Temperature.mean,2017-12-06
Temperature.mean,2017-12-07
Temperature.mean,2017-12-08
Temperature.mean,2017-12-09
Temperature.mean,2017-12-10
Temperature.mean,2017-12-11
Temperature.mean,2017-12-12
Temperature.mean,2017-12-13
Temperature.mean,2017-12-14
Temperature.mean,2017-12-15
Temperature.mean,2017-12-16
Temperature.mean,2017-12-17
Temperature.mean,2017-12-18
Temperature.mean,2017-12-19
Temperature.mean,2017-12-20
Temperature.mean,2017-12-21
Temperature.mean,2017-12-22
Temperature.mean,2017-12-23
Temperature.mean,2017-12-24
Temperature.mean,2017-12-25
Temperature.mean,2017-12-26
Temperature.mean,2017-12-27
Temperature.mean,2017-12-28
Temperature.mean,2017-12-29
Temperature.mean,2017-12-30
Temperature.mean,2017-12-31
Temperature.mean,2018-01-01
Temperature.mean,2018-01-02
Temperature.mean,2018-01-03
Temperature.mean,2018-01-04
Temperature.mean,2018-01-05
Temperature.mean,2018-01-06
Temperature.mean,2018-01-07
Temperature.mean,2018-01-08
Temperature.mean,2018-01-09
Temperature.mean,2018-01-10
Temperature.mean,2018-01-11
Temperature.mean,2018-01-12
Temperature.mean,2018-01-13
Temperature.mean,2018-01-14
Temperature.mean,2018-01-15
Temperature.mean,2018-01-16
Temperature.mean,2018-01-17
Temperature.mean,2018-01-18
Temperature.mean,2018-01-19
Temperature.mean,2018-01-20
Temperature.mean,2018-01-21
Temperature.mean,2018-01-22
Temperature.mean,2018-01-23
Temperature.mean,2018-01-24
Temperature.mean,2018-01-25
Temperature.mean,2018-01-26
Temperature.mean,2018-01-27
Temperature.mean,2018-01-28
Temperature.mean,2018-01-29
Temperature.mean,2018-01-30
Temperature.mean,2018-01-31
Temperature.mean,2018-02-01
Temperature.mean,2018-02-02
Temperature.mean,2018-02-03
Temperature.mean,2018-02-04
Temperature.mean,2018-02-05
Temperature.mean,2018-02-06
Temperature.mean,2018-02-07
Temperature.mean,2018-02-08
Temperature.mean,2018-02-09
Temperature.mean,2018-02-10
Temperature.mean,2018-02-11
Temperature.mean,2018-02-12
Temperature.mean,2018-02-13
Temperature.mean,2018-02-14
Temperature.mean,2018-02-15
Temperature.mean,2018-02-16
Temperature.mean,2018-02-17
Temperature.mean,2018-02-18
Temperature.mean,2018-02-19
Temperature.mean,2018-02-20
Temperature.mean,2018-02-21
Temperature.mean,2018-02-22
Temperature.mean,2018-02-23
Temperature.mean,2018-02-24
Temperature.mean,2018-02-25
Temperature.mean,2018-02-26
Temperature.mean,2018-02-27
Temperature.mean,2018-02-28
Temperature.mean,2018-03-01
Temperature.mean,2018-03-02
Temperature.mean,2018-03-03
Temperature.mean,2018-03-04
Temperature.mean,2018-03-05
Temperature.mean,2018-03-06
Temperature.mean,2018-03-07
Temperature.mean,2018-03-08
Temperature.mean,2018-03-09
Temperature.mean,2018-03-10
Temperature.mean,2018-03-11
Temperature.mean,2018-03-12
Temperature.mean,2018-03-13
Temperature.mean,2018-03-14
Temperature.mean,2018-03-15
Temperature.mean,2018-03-16
Temperature.mean,2018-03-17
Temperature.mean,2018-03-18
Temperature.mean,2018-03-19
Temperature.mean,2018-03-20
Temperature.mean,2018-03-21
Temperature.mean,2018-03-22
Temperature.mean,2018-03-23
Temperature.mean,2018-03-24
Temperature.mean,2018-03-25
Temperature.mean,2018-03-26
Temperature.mean,2018-03-27
Temperature.mean,2018-03-28
Temperature.mean,2018-03-29
Temperature.mean,2018-03-30
Temperature.mean,2018-03-31
Temperature.mean,2018-04-01
Temperature.mean,2018-04-02
Temperature.mean,2018-04-03
Temperature.mean,2018-04-04
Temperature.mean,2018-04-05
Temperature.mean,2018-04-06
Temperature.mean,2018-04-07
Temperature.mean,2018-04-08
Temperature.mean,2018-04-09
Temperature.mean,2018-04-10
Temperature.mean,2018-04-11
Temperature.mean,2018-04-12
Temperature.mean,2018-04-13
Temperature.mean,2018-04-14
Temperature.mean,2018-04-15
Temperature.mean,2018-04-16
Temperature.mean,2018-04-17
Temperature.mean,2018-04-18
Temperature.mean,2018-04-19
Temperature.mean,2018-04-20
Temperature.mean,2018-04-21
Temperature.mean,2018-04-22
Temperature.mean,2018-04-23
Temperature.mean,2018-04-24
Temperature.mean,2018-04-25
Temperature.mean,2018-04-26
Temperature.mean,2018-04-27
Temperature.mean,2018-04-28
Temperature.mean,2018-04-29
Temperature.mean,2018-04-30
Temperature.mean,2018-05-01
Temperature.mean,2018-05-02
Temperature.mean,2018-05-03
Temperature.mean,2018-05-04
Temperature.mean,2018-05-05
Temperature.mean,2018-05-06
Temperature.mean,2018-05-07
Temperature.mean,2018-05-08
Temperature.mean,2018-05-09
Temperature.mean,2018-05-10
Temperature.mean,2018-05-11
Temperature.mean,2018-05-12
Temperature.mean,2018-05-13
Temperature.mean,2018-05-14
Temperature.mean,2018-05-15
Temperature.mean,2018-05-16
Temperature.mean,2018-05-17
Temperature.mean,2018-05-18
Temperature.mean,2018-05-19
Temperature.mean,2018-05-20
Temperature.mean,2018-05-21
Temperature.mean,2018-05-22
Temperature.mean,2018-05-23
Temperature.mean,2018-05-24
Temperature.mean,2018-05-25
Temperature.mean,2018-05-26
Temperature.mean,2018-05-27
Temperature.mean,2018-05-28
Temperature.mean,2018-05-29
Temperature.mean,2018-05-30
Temperature.mean,2018-05-31
Temperature.mean,2018-06-01
Temperature.mean,2018-06-02
Temperature.mean,2018-06-03
Temperature.mean,2018-06-04
Temperature.mean,2018-06-05
Temperature.mean,2018-06-06
Temperature.mean,2018-06-07
Temperature.mean,2018-06-08
Temperature.mean,2018-06-09
Temperature.mean,2018-06-10
Temperature.mean,2018-06-11
Temperature.mean,2018-06-12
Temperature.mean,2018-06-13
Temperature.mean,2018-06-14
Temperature.mean,2018-06-15
Temperature.mean,2018-06-16
Temperature.mean,2018-06-17
Temperature.mean,2018-06-18
Temperature.mean,2018-06-19
Temperature.mean,2018-06-20
Temperature.mean,2018-06-21
Temperature.mean,2018-06-22
Temperature.mean,2018-06-23
Temperature.mean,2018-06-24
Temperature.mean,2018-06-25
Temperature.mean,2018-06-26
Temperature.mean,2018-06-27
Temperature.mean,2018-06-28
Temperature.mean,2018-06-29
Temperature.mean,2018-06-30
Temperature.mean,2018-07-01
Temperature.mean,2018-07-02
Temperature.mean,2018-07-03
Temperature.mean,2018-07-04
Temperature.mean,2018-07-05
Temperature.mean,2018-07-06
Temperature.mean,2018-07-07
Temperature.mean,2018-07-08
Temperature.mean,2018-07-09
Temperature.mean,2018-07-10
Temperature.mean,2018-07-11
Temperature.mean,2018-07-12
Temperature.mean,2018-07-13
Temperature.mean,2018-07-14
Temperature.mean,2018-07-15
Temperature.mean,2018-07-16
Temperature.mean,2018-07-17
Temperature.mean,2018-07-18
Temperature.mean,2018-07-19
Temperature.mean,2018-07-20
Temperature.mean,2018-07-21
Temperature.mean,2018-07-22
Temperature.mean,2018-07-23
Temperature.mean,2018-07-24
Temperature.mean,2018-07-25
Temperature.mean,2018-07-26
Temperature.mean,2018-07-27
Temperature.mean,2018-07-28
Temperature.mean,2018-07-29
Temperature.mean,2018-07-30
Temperature.mean,2018-07-31
Temperature.mean,2018-08-01
Temperature.mean,2018-08-02
Temperature.mean,2018-08-03
Temperature.mean,2018-08-04
Temperature.mean,2018-08-05
Temperature.mean,2018-08-06
Temperature.mean,2018-08-07
Temperature.mean,2018-08-08
Temperature.mean,2018-08-09
Temperature.mean,2018-08-10
Temperature.mean,2018-08-11
Temperature.mean,2018-08-12
Temperature.mean,2018-08-13
Temperature.mean,2018-08-14
Temperature.mean,2018-08-15
Temperature.mean,2018-08-16
Temperature.mean,2018-08-17
Temperature.mean,2018-08-18
Temperature.mean,2018-08-19
Temperature.mean,2018-08-20
Temperature.mean,2018-08-21
Temperature.mean,2018-08-22
Temperature.mean,2018-08-23
Temperature.mean,2018-08-24
Temperature.mean,2018-08-25
Temperature.mean,2018-08-26
Temperature.mean,2018-08-27
Temperature.mean,2018-08-28
Temperature.mean,2018-08-29
Temperature.mean,2018-08-30
Temperature.mean,2018-08-31
Temperature.mean,2018-09-01
Temperature.mean,2018-09-02
Temperature.mean,2018-09-03
Temperature.mean,2018-09-04
Temperature.mean,2018-09-05
Temperature.mean,2018-09-06
Temperature.mean,2018-09-07
Temperature.mean,2018-09-08
Temperature.mean,2018-09-09
Temperature.mean,2018-09-10
Temperature.mean,2018-09-11
Temperature.mean,2018-09-12
Temperature.mean,2018-09-13
Temperature.mean,2018-09-14
Temperature.mean,2018-09-15
Temperature.mean,2018-09-16
Temperature.mean,2018-09-17
Temperature.mean,2018-09-18
Temperature.mean,2018-09-19
Temperature.mean,2018-09-20
Temperature.mean,2018-09-21
Temperature.mean,2018-09-22
Temperature.mean,2018-09-23
Temperature.mean,2018-09-24
Temperature.mean,2018-09-25
Temperature.mean,2018-09-26
Temperature.mean,2018-09-27
Temperature.mean,2018-09-28
Temperature.mean,2018-09-29
Temperature.mean,2018-09-30
Temperature.mean,2018-10-01
Temperature.mean,2018-10-02
Temperature.mean,2018-10-03
Temperature.mean,2018-10-04
Temperature.mean,2018-10-05
Temperature.mean,2018-10-06
Temperature.mean,2018-10-07
Temperature.mean,2018-10-08
Temperature.mean,2018-10-09
Temperature.mean,2018-10-10
Temperature.mean,2018-10-11
Temperature.mean,2018-10-12
Temperature.mean,2018-10-13
Temperature.mean,2018-10-14
Temperature.mean,2018-10-15
Temperature.mean,2018-10-16
Temperature.mean,2018-10-17
Temperature.mean,2018-10-18
Temperature.mean,2018-10-19
Temperature.mean,2018-10-20
Temperature.mean,2018-10-21
Temperature.mean,2018-10-22
Temperature.mean,2018-10-23
Temperature.mean,2018-10-24
Temperature.mean,2018-10-25
Temperature.mean,2018-10-26
Temperature.mean,2018-10-27
Temperature.mean,2018-10-28
Temperature.mean,2018-10-29
Temperature.mean,2018-10-30
Temperature.mean,2018-10-31
Temperature.mean,2018-11-01
Temperature.mean,2018-11-02
Temperature.mean,2018-11-03
Temperature.mean,2018-11-04
Temperature.mean,2018-11-05
Temperature.mean,2018-11-06
Temperature.mean,2018-11-07
Temperature.mean,2018-11-08
Temperature.mean,2018-11-09
Temperature.mean,2018-11-10
Temperature.mean,2018-11-11
Temperature.mean,2018-11-12
Temperature.mean,2018-11-13
Temperature.mean,2018-11-14
Temperature.mean,2018-11-15
Temperature.mean,2018-11-16
Temperature.mean,2018-11-17
Temperature.mean,2018-11-18
Temperature.mean,2018-11-19
Temperature.mean,2018-11-20
Temperature.mean,2018-11-21
Temperature.mean,2018-11-22
Temperature.mean,2018-11-23
Temperature.mean,2018-11-24
Temperature.mean,2018-11-25
Temperature.mean,2018-11-26
Temperature.mean,2018-11-27
Temperature.mean,2018-11-28
Temperature.mean,2018-11-29
Temperature.mean,2018-11-30
Temperature.mean,2018-12-01
Temperature.mean,2018-12-02
Temperature.mean,2018-12-03
Temperature.mean,2018-12-04
Temperature.mean,2018-12-05
Temperature.mean,2018-12-06
Temperature.mean,2018-12-07
Temperature.mean,2018-12-08
Temperature.mean,2018-12-09
Temperature.mean,2018-12-10
Temperature.mean,2018-12-11
Temperature.mean,2018-12-12
Temperature.mean,2018-12-13
Temperature.mean,2018-12-14
Temperature.mean,2018-12-15
Temperature.mean,2018-12-16
Temperature.mean,2018-12-17
Temperature.mean,2018-12-18
Temperature.mean,2018-12-19
Temperature.mean,2018-12-20
Temperature.mean,2018-12-21
Temperature.mean,2018-12-22
Temperature.mean,2018-12-23
Temperature.mean,2018-12-24
Temperature.mean,2018-12-25
Temperature.mean,2018-12-26
Temperature.mean,2018-12-27
Temperature.mean,2018-12-28
Temperature.mean,2018-12-29
Temperature.mean,2018-12-30
Temperature.mean,2018-12-31
Ulmus,2017-01-01
Ulmus,2017-01-02
Ulmus,2017-01-03
Ulmus,2017-01-04
Ulmus,2017-01-05
Ulmus,2017-01-06
Ulmus,2017-01-07
Ulmus,2017-01-08
Ulmus,2017-01-09
Ulmus,2017-01-10
Ulmus,2017-01-11
Ulmus,2017-01-12
Ulmus,2017-01-13
Ulmus,2017-01-14
Ulmus,2017-01-15
Ulmus,2017-01-16
Ulmus,2017-01-17
Ulmus,2017-01-18
Ulmus,2017-01-19
Ulmus,2017-01-20
Ulmus,2017-01-21
Ulmus,2017-01-22
Ulmus,2017-01-23
Ulmus,2017-01-24
Ulmus,2017-01-25
Ulmus,2017-01-26
Ulmus,2017-01-27
Ulmus,2017-01-28
Ulmus,2017-01-29
Ulmus,2017-01-30
Ulmus,2017-01-31
Ulmus,2017-02-01
Ulmus,2017-02-02
Ulmus,2017-02-03
Ulmus,2017-02-04
Ulmus,2017-02-05
Ulmus,2017-02-06
Ulmus,2017-02-07
Ulmus,2017-02-08
Ulmus,2017-02-09
Ulmus,2017-02-10
Ulmus,2017-02-11
Ulmus,2017-02-12
Ulmus,2017-02-13
Ulmus,2017-02-14
Ulmus,2017-02-15
Ulmus,2017-02-16
Ulmus,2017-02-17
Ulmus,2017-02-18
Ulmus,2017-02-19
Ulmus,2017-02-20
Ulmus,2017-02-21
Ulmus,2017-02-22
Ulmus,2017-02-23
Ulmus,2017-02-24
Ulmus,2017-02-25
Ulmus,2017-02-26
Ulmus,2017-02-27
Ulmus,2017-02-28
Ulmus,2017-03-01
Ulmus,2017-03-02
Ulmus,2017-03-03
Ulmus,2017-03-04
Ulmus,2017-03-05
Ulmus,2017-03-06
Ulmus,2017-03-07
Ulmus,2017-03-08
Ulmus,2017-03-09
Ulmus,2017-03-10
Ulmus,2017-03-11
Ulmus,2017-03-12
Ulmus,2017-03-13
Ulmus,2017-03-14
Ulmus,2017-03-15
Ulmus,2017-03-16
Ulmus,2017-03-17
Ulmus,2017-03-18
Ulmus,2017-03-19
Ulmus,2017-03-20
Ulmus,2017-03-21
Ulmus,2017-03-22
Ulmus,2017-03-23
Ulmus,2017-03-24
Ulmus,2017-03-25
Ulmus,2017-03-26
Ulmus,2017-03-27
Ulmus,2017-03-28
Ulmus,2017-03-29
Ulmus,2017-03-30
Ulmus,2017-03-31
Ulmus,2017-04-01
Ulmus,2017-04-02
Ulmus,2017-04-03
Ulmus,2017-04-04
Ulmus,2017-04-05
Ulmus,2017-04-06
Ulmus,2017-04-07
Ulmus,2017-04-08
Ulmus,2017-04-09
Ulmus,2017-04-10
Ulmus,2017-04-11
Ulmus,2017-04-12
Ulmus,2017-04-13
Ulmus,2017-04-14
Ulmus,2017-04-15
Ulmus,2017-04-16
Ulmus,2017-04-17
Ulmus,2017-04-18
Ulmus,2017-04-19
Ulmus,2017-04-20
Ulmus,2017-04-21
Ulmus,2017-04-22
Ulmus,2017-04-23
Ulmus,2017-04-24
Ulmus,2017-04-25
Ulmus,2017-04-26
Ulmus,2017-04-27
Ulmus,2017-04-28
Ulmus,2017-04-29
Ulmus,2017-04-30
Ulmus,2017-05-01
Ulmus,2017-05-02
Ulmus,2017-05-03
Ulmus,2017-05-04
Ulmus,2017-05-05
Ulmus,2017-05-06
Ulmus,2017-05-07
Ulmus,2017-05-08
Ulmus,2017-05-09
Ulmus,2017-05-10
Ulmus,2017-05-11
Ulmus,2017-05-12
Ulmus,2017-05-13
Ulmus,2017-05-14
Ulmus,2017-05-15
Ulmus,2017-05-16
Ulmus,2017-05-17
Ulmus,2017-05-18
Ulmus,2017-05-19
Ulmus,2017-05-20
Ulmus,2017-05-21
Ulmus,2017-05-22
Ulmus,2017-05-23
Ulmus,2017-05-24
Ulmus,2017-05-25
Ulmus,2017-05-26
Ulmus,2017-05-27
Ulmus,2017-05-28
Ulmus,2017-05-29
Ulmus,2017-05-30
Ulmus,2017-05-31
Ulmus,2017-06-01
Ulmus,2017-06-02
Ulmus,2017-06-03
Ulmus,2017-06-04
Ulmus,2017-06-05
Ulmus,2017-06-06
Ulmus,2017-06-07
Ulmus,2017-06-08
Ulmus,2017-06-09
Ulmus,2017-06-10
Ulmus,2017-06-11
Ulmus,2017-06-12
Ulmus,2017-06-13
Ulmus,2017-06-14
Ulmus,2017-06-15
Ulmus,2017-06-16
Ulmus,2017-06-17
Ulmus,2017-06-18
Ulmus,2017-06-19
Ulmus,2017-06-20
Ulmus,2017-06-21
Ulmus,2017-06-22
Ulmus,2017-06-23
Ulmus,2017-06-24
Ulmus,2017-06-25
Ulmus,2017-06-26
Ulmus,2017-06-27
Ulmus,2017-06-28
Ulmus,2017-06-29
Ulmus,2017-06-30
Ulmus,2017-07-01
Ulmus,2017-07-02
Ulmus,2017-07-03
Ulmus,2017-07-04
Ulmus,2017-07-05
Ulmus,2017-07-06
Ulmus,2017-07-07
Ulmus,2017-07-08
Ulmus,2017-07-09
Ulmus,2017-07-10
Ulmus,2017-07-11
Ulmus,2017-07-12
Ulmus,2017-07-13
Ulmus,2017-07-14
Ulmus,2017-07-15
Ulmus,2017-07-16
Ulmus,2017-07-17
Ulmus,2017-07-18
Ulmus,2017-07-19
Ulmus,2017-07-20
Ulmus,2017-07-21
Ulmus,2017-07-22
Ulmus,2017-07-23
Ulmus,2017-07-24
Ulmus,2017-07-25
Ulmus,2017-07-26
Ulmus,2017-07-27
Ulmus,2017-07-28
Ulmus,2017-07-29
Ulmus,2017-07-30
Ulmus,2017-07-31
Ulmus,2017-08-01
Ulmus,2017-08-02
Ulmus,2017-08-03
Ulmus,2017-08-04
Ulmus,2017-08-05
Ulmus,2017-08-06
Ulmus,2017-08-07
Ulmus,2017-08-08
Ulmus,2017-08-09
Ulmus,2017-08-10
Ulmus,2017-08-11
Ulmus,2017-08-12
Ulmus,2017-08-13
Ulmus,2017-08-14
Ulmus,2017-08-15
Ulmus,2017-08-16
Ulmus,2017-08-17
Ulmus,2017-08-18
Ulmus,2017-08-19
Ulmus,2017-08-20
Ulmus,2017-08-21
Ulmus,2017-08-22
Ulmus,2017-08-23
Ulmus,2017-08-24
Ulmus,2017-08-25
Ulmus,2017-08-26
Ulmus,2017-08-27
Ulmus,2017-08-28
Ulmus,2017-08-29
Ulmus,2017-08-30
Ulmus,2017-08-31
Ulmus,2017-09-01
Ulmus,2017-09-02
Ulmus,2017-09-03
Ulmus,2017-09-04
Ulmus,2017-09-05
Ulmus,2017-09-06
Ulmus,2017-09-07
Ulmus,2017-09-08
Ulmus,2017-09-09
Ulmus,2017-09-10
Ulmus,2017-09-11
Ulmus,2017-09-12
Ulmus,2017-09-13
Ulmus,2017-09-14
Ulmus,2017-09-15
Ulmus,2017-09-16
Ulmus,2017-09-17
Ulmus,2017-09-18
Ulmus,2017-09-19
Ulmus,2017-09-20
Ulmus,2017-09-21
Ulmus,2017-09-22
Ulmus,2017-09-23
Ulmus,2017-09-24
Ulmus,2017-09-25
Ulmus,2017-09-26
Ulmus,2017-09-27
Ulmus,2017-09-28
Ulmus,2017-09-29
Ulmus,2017-09-30
Ulmus,2017-10-01
Ulmus,2017-10-02
Ulmus,2017-10-03
Ulmus,2017-10-04
Ulmus,2017-10-05
Ulmus,2017-10-06
Ulmus,2017-10-07
Ulmus,2017-10-08
Ulmus,2017-10-09
Ulmus,2017-10-10
Ulmus,2017-10-11
Ulmus,2017-10-12
Ulmus,2017-10-13
Ulmus,2017-10-14
Ulmus,2017-10-15
Ulmus,2017-10-16
Ulmus,2017-10-17
Ulmus,2017-10-18
Ulmus,2017-10-19
Ulmus,2017-10-20
Ulmus,2017-10-21
Ulmus,2017-10-22
Ulmus,2017-10-23
Ulmus,2017-10-24
Ulmus,2017-10-25
Ulmus,2017-10-26
Ulmus,2017-10-27
Ulmus,2017-10-28
Ulmus,2017-10-29
Ulmus,2017-10-30
Ulmus,2017-10-31
Ulmus,2017-11-01
Ulmus,2017-11-02
Ulmus,2017-11-03
Ulmus,2017-11-04
Ulmus,2017-11-05
Ulmus,2017-11-06
Ulmus,2017-11-07
Ulmus,2017-11-08
Ulmus,2017-11-09
Ulmus,2017-11-10
Ulmus,2017-11-11
Ulmus,2017-11-12
Ulmus,2017-11-13
Ulmus,2017-11-14
Ulmus,2017-11-15
Ulmus,2017-11-16
Ulmus,2017-11-17
Ulmus,2017-11-18
Ulmus,2017-11-19
Ulmus,2017-11-20
Ulmus,2017-11-21
Ulmus,2017-11-22
Ulmus,2017-11-23
Ulmus,2017-11-24
Ulmus,2017-11-25
Ulmus,2017-11-26
Ulmus,2017-11-27
Ulmus,2017-11-28
Ulmus,2017-11-29
Ulmus,2017-11-30
Ulmus,2017-12-01
Ulmus,2017-12-02
Ulmus,2017-12-03
Ulmus,2017-12-04
Ulmus,2017-12-05
Ulmus,2017-12-06
Ulmus,2017-12-07
Ulmus,2017-12-08
Ulmus,2017-12-09
Ulmus,2017-12-10
Ulmus,2017-12-11
Ulmus,2017-12-12
Ulmus,2017-12-13
Ulmus,2017-12-14
Ulmus,2017-12-15
Ulmus,2017-12-16
Ulmus,2017-12-17
Ulmus,2017-12-18
Ulmus,2017-12-19
Ulmus,2017-12-20
Ulmus,2017-12-21
Ulmus,2017-12-22
Ulmus,2017-12-23
Ulmus,2017-12-24
Ulmus,2017-12-25
Ulmus,2017-12-26
Ulmus,2017-12-27
Ulmus,2017-12-28
Ulmus,2017-12-29
Ulmus,2017-12-30
Ulmus,2017-12-31
Ulmus,2018-01-01
Ulmus,2018-01-02
Ulmus,2018-01-03
Ulmus,2018-01-04
Ulmus,2018-01-05
Ulmus,2018-01-06
Ulmus,2018-01-07
Ulmus,2018-01-08
Ulmus,2018-01-09
Ulmus,2018-01-10
Ulmus,2018-01-11
Ulmus,2018-01-12
Ulmus,2018-01-13
Ulmus,2018-01-14
Ulmus,2018-01-15
Ulmus,2018-01-16
Ulmus,2018-01-17
Ulmus,2018-01-18
Ulmus,2018-01-19
Ulmus,2018-01-20
Ulmus,2018-01-21
Ulmus,2018-01-22
Ulmus,2018-01-23
Ulmus,2018-01-24
Ulmus,2018-01-25
Ulmus,2018-01-26
Ulmus,2018-01-27
Ulmus,2018-01-28
Ulmus,2018-01-29
Ulmus,2018-01-30
Ulmus,2018-01-31
Ulmus,2018-02-01
Ulmus,2018-02-02
Ulmus,2018-02-03
Ulmus,2018-02-04
Ulmus,2018-02-05
Ulmus,2018-02-06
Ulmus,2018-02-07
Ulmus,2018-02-08
Ulmus,2018-02-09
Ulmus,2018-02-10
Ulmus,2018-02-11
Ulmus,2018-02-12
Ulmus,2018-02-13
Ulmus,2018-02-14
Ulmus,2018-02-15
Ulmus,2018-02-16
Ulmus,2018-02-17
Ulmus,2018-02-18
Ulmus,2018-02-19
Ulmus,2018-02-20
Ulmus,2018-02-21
Ulmus,2018-02-22
Ulmus,2018-02-23
Ulmus,2018-02-24
Ulmus,2018-02-25
Ulmus,2018-02-26
Ulmus,2018-02-27
Ulmus,2018-02-28
Ulmus,2018-03-01
Ulmus,2018-03-02
Ulmus,2018-03-03
Ulmus,2018-03-04
Ulmus,2018-03-05
Ulmus,2018-03-06
Ulmus,2018-03-07
Ulmus,2018-03-08
Ulmus,2018-03-09
Ulmus,2018-03-10
Ulmus,2018-03-11
Ulmus,2018-03-12
Ulmus,2018-03-13
Ulmus,2018-03-14
Ulmus,2018-03-15
Ulmus,2018-03-16
Ulmus,2018-03-17
Ulmus,2018-03-18
Ulmus,2018-03-19
Ulmus,2018-03-20
Ulmus,2018-03-21
Ulmus,2018-03-22
Ulmus,2018-03-23
Ulmus,2018-03-24
Ulmus,2018-03-25
Ulmus,2018-03-26
Ulmus,2018-03-27
Ulmus,2018-03-28
Ulmus,2018-03-29
Ulmus,2018-03-30
Ulmus,2018-03-31
Ulmus,2018-04-01
Ulmus,2018-04-02
Ulmus,2018-04-03
Ulmus,2018-04-04
Ulmus,2018-04-05
Ulmus,2018-04-06
Ulmus,2018-04-07
Ulmus,2018-04-08
Ulmus,2018-04-09
Ulmus,2018-04-10
Ulmus,2018-04-11
Ulmus,2018-04-12
Ulmus,2018-04-13
Ulmus,2018-04-14
Ulmus,2018-04-15
Ulmus,2018-04-16
Ulmus,2018-04-17
Ulmus,2018-04-18
Ulmus,2018-04-19
Ulmus,2018-04-20
Ulmus,2018-04-21
Ulmus,2018-04-22
Ulmus,2018-04-23
Ulmus,2018-04-24
Ulmus,2018-04-25
Ulmus,2018-04-26
Ulmus,2018-04-27
Ulmus,2018-04-28
Ulmus,2018-04-29
Ulmus,2018-04-30
Ulmus,2018-05-01
Ulmus,2018-05-02
Ulmus,2018-05-03
Ulmus,2018-05-04
Ulmus,2018-05-05
Ulmus,2018-05-06
Ulmus,2018-05-07
Ulmus,2018-05-08
Ulmus,2018-05-09
Ulmus,2018-05-10
Ulmus,2018-05-11
Ulmus,2018-05-12
Ulmus,2018-05-13
Ulmus,2018-05-14
Ulmus,2018-05-15
Ulmus,2018-05-16
Ulmus,2018-05-17
Ulmus,2018-05-18
Ulmus,2018-05-19
Ulmus,2018-05-20
Ulmus,2018-05-21
Ulmus,2018-05-22
Ulmus,2018-05-23
Ulmus,2018-05-24
Ulmus,2018-05-25
Ulmus,2018-05-26
Ulmus,2018-05-27
Ulmus,2018-05-28
Ulmus,2018-05-29
Ulmus,2018-05-30
Ulmus,2018-05-31
Ulmus,2018-06-01
Ulmus,2018-06-02
Ulmus,2018-06-03
Ulmus,2018-06-04
Ulmus,2018-06-05
Ulmus,2018-06-06
Ulmus,2018-06-07
Ulmus,2018-06-08
Ulmus,2018-06-09
Ulmus,2018-06-10
Ulmus,2018-06-11
Ulmus,2018-06-12
Ulmus,2018-06-13
Ulmus,2018-06-14
Ulmus,2018-06-15
Ulmus,2018-06-16
Ulmus,2018-06-17
Ulmus,2018-06-18
Ulmus,2018-06-19
Ulmus,2018-06-20
Ulmus,2018-06-21
Ulmus,2018-06-22
Ulmus,2018-06-23
Ulmus,2018-06-24
Ulmus,2018-06-25
Ulmus,2018-06-26
Ulmus,2018-06-27
Ulmus,2018-06-28
Ulmus,2018-06-29
Ulmus,2018-06-30
Ulmus,2018-07-01
Ulmus,2018-07-02
Ulmus,2018-07-03
Ulmus,2018-07-04
Ulmus,2018-07-05
Ulmus,2018-07-06
Ulmus,2018-07-07
Ulmus,2018-07-08
Ulmus,2018-07-09
Ulmus,2018-07-10
Ulmus,2018-07-11
Ulmus,2018-07-12
Ulmus,2018-07-13
Ulmus,2018-07-14
Ulmus,2018-07-15
Ulmus,2018-07-16
Ulmus,2018-07-17
Ulmus,2018-07-18
Ulmus,2018-07-19
Ulmus,2018-07-20
Ulmus,2018-07-21
Ulmus,2018-07-22
Ulmus,2018-07-23
Ulmus,2018-07-24
Ulmus,2018-07-25
Ulmus,2018-07-26
Ulmus,2018-07-27
Ulmus,2018-07-28
Ulmus,2018-07-29
Ulmus,2018-07-30
Ulmus,2018-07-31
Ulmus,2018-08-01
Ulmus,2018-08-02
Ulmus,2018-08-03
Ulmus,2018-08-04
Ulmus,2018-08-05
Ulmus,2018-08-06
Ulmus,2018-08-07
Ulmus,2018-08-08
Ulmus,2018-08-09
Ulmus,2018-08-10
Ulmus,2018-08-11
Ulmus,2018-08-12
Ulmus,2018-08-13
Ulmus,2018-08-14
Ulmus,2018-08-15
Ulmus,2018-08-16
Ulmus,2018-08-17
Ulmus,2018-08-18
Ulmus,2018-08-19
Ulmus,2018-08-20
Ulmus,2018-08-21
Ulmus,2018-08-22
Ulmus,2018-08-23
Ulmus,2018-08-24
Ulmus,2018-08-25
Ulmus,2018-08-26
Ulmus,2018-08-27
Ulmus,2018-08-28
Ulmus,2018-08-29
Ulmus,2018-08-30
Ulmus,2018-08-31
Ulmus,2018-09-01
Ulmus,2018-09-02
Ulmus,2018-09-03
Ulmus,2018-09-04
Ulmus,2018-09-05
Ulmus,2018-09-06
Ulmus,2018-09-07
Ulmus,2018-09-08
Ulmus,2018-09-09
Ulmus,2018-09-10
Ulmus,2018-09-11
Ulmus,2018-09-12
Ulmus,2018-09-13
Ulmus,2018-09-14
Ulmus,2018-09-15
Ulmus,2018-09-16
Ulmus,2018-09-17
Ulmus,2018-09-18
Ulmus,2018-09-19
Ulmus,2018-09-20
Ulmus,2018-09-21
Ulmus,2018-09-22
Ulmus,2018-09-23
Ulmus,2018-09-24
Ulmus,2018-09-25
Ulmus,2018-09-26
Ulmus,2018-09-27
Ulmus,2018-09-28
Ulmus,2018-09-29
Ulmus,2018-09-30
Ulmus,2018-10-01
Ulmus,2018-10-02
Ulmus,2018-10-03
Ulmus,2018-10-04
Ulmus,2018-10-05
Ulmus,2018-10-06
Ulmus,2018-10-07
Ulmus,2018-10-08
Ulmus,2018-10-09
Ulmus,2018-10-10
Ulmus,2018-10-11
Ulmus,2018-10-12
Ulmus,2018-10-13
Ulmus,2018-10-14
Ulmus,2018-10-15
Ulmus,2018-10-16
Ulmus,2018-10-17
Ulmus,2018-10-18
Ulmus,2018-10-19
Ulmus,2018-10-20
Ulmus,2018-10-21
Ulmus,2018-10-22
Ulmus,2018-10-23
Ulmus,2018-10-24
Ulmus,2018-10-25
Ulmus,2018-10-26
Ulmus,2018-10-27
Ulmus,2018-10-28
Ulmus,2018-10-29
Ulmus,2018-10-30
Ulmus,2018-10-31
Ulmus,2018-11-01
Ulmus,2018-11-02
Ulmus,2018-11-03
Ulmus,2018-11-04
Ulmus,2018-11-05
Ulmus,2018-11-06
Ulmus,2018-11-07
Ulmus,2018-11-08
Ulmus,2018-11-09
Ulmus,2018-11-10
Ulmus,2018-11-11
Ulmus,2018-11-12
Ulmus,2018-11-13
Ulmus,2018-11-14
Ulmus,2018-11-15
Ulmus,2018-11-16
Ulmus,2018-11-17
Ulmus,2018-11-18
Ulmus,2018-11-19
Ulmus,2018-11-20
Ulmus,2018-11-21
Ulmus,2018-11-22
Ulmus,2018-11-23
Ulmus,2018-11-24
Ulmus,2018-11-25
Ulmus,2018-11-26
Ulmus,2018-11-27
Ulmus,2018-11-28
Ulmus,2018-11-29
Ulmus,2018-11-30
Ulmus,2018-12-01
Ulmus,2018-12-02
Ulmus,2018-12-03
Ulmus,2018-12-04
Ulmus,2018-12-05
Ulmus,2018-12-06
Ulmus,2018-12-07
Ulmus,2018-12-08
Ulmus,2018-12-09
Ulmus,2018-12-10
Ulmus,2018-12-11
Ulmus,2018-12-12
Ulmus,2018-12-13
Ulmus,2018-12-14
Ulmus,2018-12-15
Ulmus,2018-12-16
Ulmus,2018-12-17
Ulmus,2018-12-18
Ulmus,2018-12-19
Ulmus,2018-12-20
Ulmus,2018-12-21
Ulmus,2018-12-22
Ulmus,2018-12-23
Ulmus,2018-12-24
Ulmus,2018-12-25
Ulmus,2018-12-26
Ulmus,2018-12-27
Ulmus,2018-12-28
Ulmus,2018-12-29
Ulmus,2018-12-30
Ulmus,2018-12-31
Urtica,2017-01-01
Urtica,2017-01-02
Urtica,2017-01-03
Urtica,2017-01-04
Urtica,2017-01-05
Urtica,2017-01-06
Urtica,2017-01-07
Urtica,2017-01-08
Urtica,2017-01-09
Urtica,2017-01-10
Urtica,2017-01-11
Urtica,2017-01-12
Urtica,2017-01-13
Urtica,2017-01-14
Urtica,2017-01-15
Urtica,2017-01-16
Urtica,2017-01-17
Urtica,2017-01-18
Urtica,2017-01-19
Urtica,2017-01-20
Urtica,2017-01-21
Urtica,2017-01-22
Urtica,2017-01-23
Urtica,2017-01-24
Urtica,2017-01-25
Urtica,2017-01-26
Urtica,2017-01-27
Urtica,2017-01-28
Urtica,2017-01-29
Urtica,2017-01-30
Urtica,2017-01-31
Urtica,2017-02-01
Urtica,2017-02-02
Urtica,2017-02-03
Urtica,2017-02-04
Urtica,2017-02-05
Urtica,2017-02-06
Urtica,2017-02-07
Urtica,2017-02-08
Urtica,2017-02-09
Urtica,2017-02-10
Urtica,2017-02-11
Urtica,2017-02-12
Urtica,2017-02-13
Urtica,2017-02-14
Urtica,2017-02-15
Urtica,2017-02-16
Urtica,2017-02-17
Urtica,2017-02-18
Urtica,2017-02-19
Urtica,2017-02-20
Urtica,2017-02-21
Urtica,2017-02-22
Urtica,2017-02-23
Urtica,2017-02-24
Urtica,2017-02-25
Urtica,2017-02-26
Urtica,2017-02-27
Urtica,2017-02-28
Urtica,2017-03-01
Urtica,2017-03-02
Urtica,2017-03-03
Urtica,2017-03-04
Urtica,2017-03-05
Urtica,2017-03-06
Urtica,2017-03-07
Urtica,2017-03-08
Urtica,2017-03-09
Urtica,2017-03-10
Urtica,2017-03-11
Urtica,2017-03-12
Urtica,2017-03-13
Urtica,2017-03-14
Urtica,2017-03-15
Urtica,2017-03-16
Urtica,2017-03-17
Urtica,2017-03-18
Urtica,2017-03-19
Urtica,2017-03-20
Urtica,2017-03-21
Urtica,2017-03-22
Urtica,2017-03-23
Urtica,2017-03-24
Urtica,2017-03-25
Urtica,2017-03-26
Urtica,2017-03-27
Urtica,2017-03-28
Urtica,2017-03-29
Urtica,2017-03-30
Urtica,2017-03-31
Urtica,2017-04-01
Urtica,2017-04-02
Urtica,2017-04-03
Urtica,2017-04-04
Urtica,2017-04-05
Urtica,2017-04-06
Urtica,2017-04-07
Urtica,2017-04-08
Urtica,2017-04-09
Urtica,2017-04-10
Urtica,2017-04-11
Urtica,2017-04-12
Urtica,2017-04-13
Urtica,2017-04-14
Urtica,2017-04-15
Urtica,2017-04-16
Urtica,2017-04-17
Urtica,2017-04-18
Urtica,2017-04-19
Urtica,2017-04-20
Urtica,2017-04-21
Urtica,2017-04-22
Urtica,2017-04-23
Urtica,2017-04-24
Urtica,2017-04-25
Urtica,2017-04-26
Urtica,2017-04-27
Urtica,2017-04-28
Urtica,2017-04-29
Urtica,2017-04-30
Urtica,2017-05-01
Urtica,2017-05-02
Urtica,2017-05-03
Urtica,2017-05-04
Urtica,2017-05-05
Urtica,2017-05-06
Urtica,2017-05-07
Urtica,2017-05-08
Urtica,2017-05-09
Urtica,2017-05-10
Urtica,2017-05-11
Urtica,2017-05-12
Urtica,2017-05-13
Urtica,2017-05-14
Urtica,2017-05-15
Urtica,2017-05-16
Urtica,2017-05-17
Urtica,2017-05-18
Urtica,2017-05-19
Urtica,2017-05-20
Urtica,2017-05-21
Urtica,2017-05-22
Urtica,2017-05-23
Urtica,2017-05-24
Urtica,2017-05-25
Urtica,2017-05-26
Urtica,2017-05-27
Urtica,2017-05-28
Urtica,2017-05-29
Urtica,2017-05-30
Urtica,2017-05-31
Urtica,2017-06-01
Urtica,2017-06-02
Urtica,2017-06-03
Urtica,2017-06-04
Urtica,2017-06-05
Urtica,2017-06-06
Urtica,2017-06-07
Urtica,2017-06-08
Urtica,2017-06-09
Urtica,2017-06-10
Urtica,2017-06-11
Urtica,2017-06-12
Urtica,2017-06-13
Urtica,2017-06-14
Urtica,2017-06-15
Urtica,2017-06-16
Urtica,2017-06-17
Urtica,2017-06-18
Urtica,2017-06-19
Urtica,2017-06-20
Urtica,2017-06-21
Urtica,2017-06-22
Urtica,2017-06-23
Urtica,2017-06-24
Urtica,2017-06-25
Urtica,2017-06-26
Urtica,2017-06-27
Urtica,2017-06-28
Urtica,2017-06-29
Urtica,2017-06-30
Urtica,2017-07-01
Urtica,2017-07-02
Urtica,2017-07-03
Urtica,2017-07-04
Urtica,2017-07-05
Urtica,2017-07-06
Urtica,2017-07-07
Urtica,2017-07-08
Urtica,2017-07-09
Urtica,2017-07-10
Urtica,2017-07-11
Urtica,2017-07-12
Urtica,2017-07-13
Urtica,2017-07-14
Urtica,2017-07-15
Urtica,2017-07-16
Urtica,2017-07-17
Urtica,2017-07-18
Urtica,2017-07-19
Urtica,2017-07-20
Urtica,2017-07-21
Urtica,2017-07-22
Urtica,2017-07-23
Urtica,2017-07-24
Urtica,2017-07-25
Urtica,2017-07-26
Urtica,2017-07-27
Urtica,2017-07-28
Urtica,2017-07-29
Urtica,2017-07-30
Urtica,2017-07-31
Urtica,2017-08-01
Urtica,2017-08-02
Urtica,2017-08-03
Urtica,2017-08-04
Urtica,2017-08-05
Urtica,2017-08-06
Urtica,2017-08-07
Urtica,2017-08-08
Urtica,2017-08-09
Urtica,2017-08-10
Urtica,2017-08-11
Urtica,2017-08-12
Urtica,2017-08-13
Urtica,2017-08-14
Urtica,2017-08-15
Urtica,2017-08-16
Urtica,2017-08-17
Urtica,2017-08-18
Urtica,2017-08-19
Urtica,2017-08-20
Urtica,2017-08-21
Urtica,2017-08-22
Urtica,2017-08-23
Urtica,2017-08-24
Urtica,2017-08-25
Urtica,2017-08-26
Urtica,2017-08-27
Urtica,2017-08-28
Urtica,2017-08-29
Urtica,2017-08-30
Urtica,2017-08-31
Urtica,2017-09-01
Urtica,2017-09-02
Urtica,2017-09-03
Urtica,2017-09-04
Urtica,2017-09-05
Urtica,2017-09-06
Urtica,2017-09-07
Urtica,2017-09-08
Urtica,2017-09-09
Urtica,2017-09-10
Urtica,2017-09-11
Urtica,2017-09-12
Urtica,2017-09-13
Urtica,2017-09-14
Urtica,2017-09-15
Urtica,2017-09-16
Urtica,2017-09-17
Urtica,2017-09-18
Urtica,2017-09-19
Urtica,2017-09-20
Urtica,2017-09-21
Urtica,2017-09-22
Urtica,2017-09-23
Urtica,2017-09-24
Urtica,2017-09-25
Urtica,2017-09-26
Urtica,2017-09-27
Urtica,2017-09-28
Urtica,2017-09-29
Urtica,2017-09-30
Urtica,2017-10-01
Urtica,2017-10-02
Urtica,2017-10-03
Urtica,2017-10-04
Urtica,2017-10-05
Urtica,2017-10-06
Urtica,2017-10-07
Urtica,2017-10-08
Urtica,2017-10-09
Urtica,2017-10-10
Urtica,2017-10-11
Urtica,2017-10-12
Urtica,2017-10-13
Urtica,2017-10-14
Urtica,2017-10-15
Urtica,2017-10-16
Urtica,2017-10-17
Urtica,2017-10-18
Urtica,2017-10-19
Urtica,2017-10-20
Urtica,2017-10-21
Urtica,2017-10-22
Urtica,2017-10-23
Urtica,2017-10-24
Urtica,2017-10-25
Urtica,2017-10-26
Urtica,2017-10-27
Urtica,2017-10-28
Urtica,2017-10-29
Urtica,2017-10-30
Urtica,2017-10-31
Urtica,2017-11-01
Urtica,2017-11-02
Urtica,2017-11-03
Urtica,2017-11-04
Urtica,2017-11-05
Urtica,2017-11-06
Urtica,2017-11-07
Urtica,2017-11-08
Urtica,2017-11-09
Urtica,2017-11-10
Urtica,2017-11-11
Urtica,2017-11-12
Urtica,2017-11-13
Urtica,2017-11-14
Urtica,2017-11-15
Urtica,2017-11-16
Urtica,2017-11-17
Urtica,2017-11-18
Urtica,2017-11-19
Urtica,2017-11-20
Urtica,2017-11-21
Urtica,2017-11-22
Urtica,2017-11-23
Urtica,2017-11-24
Urtica,2017-11-25
Urtica,2017-11-26
Urtica,2017-11-27
Urtica,2017-11-28
Urtica,2017-11-29
Urtica,2017-11-30
Urtica,2017-12-01
Urtica,2017-12-02
Urtica,2017-12-03
Urtica,2017-12-04
Urtica,2017-12-05
Urtica,2017-12-06
Urtica,2017-12-07
Urtica,2017-12-08
Urtica,2017-12-09
Urtica,2017-12-10
Urtica,2017-12-11
Urtica,2017-12-12
Urtica,2017-12-13
Urtica,2017-12-14
Urtica,2017-12-15
Urtica,2017-12-16
Urtica,2017-12-17
Urtica,2017-12-18
Urtica,2017-12-19
Urtica,2017-12-20
Urtica,2017-12-21
Urtica,2017-12-22
Urtica,2017-12-23
Urtica,2017-12-24
Urtica,2017-12-25
Urtica,2017-12-26
Urtica,2017-12-27
Urtica,2017-12-28
Urtica,2017-12-29
Urtica,2017-12-30
Urtica,2017-12-31
Urtica,2018-01-01
Urtica,2018-01-02
Urtica,2018-01-03
Urtica,2018-01-04
Urtica,2018-01-05
Urtica,2018-01-06
Urtica,2018-01-07
Urtica,2018-01-08
Urtica,2018-01-09
Urtica,2018-01-10
Urtica,2018-01-11
Urtica,2018-01-12
Urtica,2018-01-13
Urtica,2018-01-14
Urtica,2018-01-15
Urtica,2018-01-16
Urtica,2018-01-17
Urtica,2018-01-18
Urtica,2018-01-19
Urtica,2018-01-20
Urtica,2018-01-21
Urtica,2018-01-22
Urtica,2018-01-23
Urtica,2018-01-24
Urtica,2018-01-25
Urtica,2018-01-26
Urtica,2018-01-27
Urtica,2018-01-28
Urtica,2018-01-29
Urtica,2018-01-30
Urtica,2018-01-31
Urtica,2018-02-01
Urtica,2018-02-02
Urtica,2018-02-03
Urtica,2018-02-04
Urtica,2018-02-05
Urtica,2018-02-06
Urtica,2018-02-07
Urtica,2018-02-08
Urtica,2018-02-09
Urtica,2018-02-10
Urtica,2018-02-11
Urtica,2018-02-12
Urtica,2018-02-13
Urtica,2018-02-14
Urtica,2018-02-15
Urtica,2018-02-16
Urtica,2018-02-17
Urtica,2018-02-18
Urtica,2018-02-19
Urtica,2018-02-20
Urtica,2018-02-21
Urtica,2018-02-22
Urtica,2018-02-23
Urtica,2018-02-24
Urtica,2018-02-25
Urtica,2018-02-26
Urtica,2018-02-27
Urtica,2018-02-28
Urtica,2018-03-01
Urtica,2018-03-02
Urtica,2018-03-03
Urtica,2018-03-04
Urtica,2018-03-05
Urtica,2018-03-06
Urtica,2018-03-07
Urtica,2018-03-08
Urtica,2018-03-09
Urtica,2018-03-10
Urtica,2018-03-11
Urtica,2018-03-12
Urtica,2018-03-13
Urtica,2018-03-14
Urtica,2018-03-15
Urtica,2018-03-16
Urtica,2018-03-17
Urtica,2018-03-18
Urtica,2018-03-19
Urtica,2018-03-20
Urtica,2018-03-21
Urtica,2018-03-22
Urtica,2018-03-23
Urtica,2018-03-24
Urtica,2018-03-25
Urtica,2018-03-26
Urtica,2018-03-27
Urtica,2018-03-28
Urtica,2018-03-29
Urtica,2018-03-30
Urtica,2018-03-31
Urtica,2018-04-01
Urtica,2018-04-02
Urtica,2018-04-03
Urtica,2018-04-04
Urtica,2018-04-05
Urtica,2018-04-06
Urtica,2018-04-07
Urtica,2018-04-08
Urtica,2018-04-09
Urtica,2018-04-10
Urtica,2018-04-11
Urtica,2018-04-12
Urtica,2018-04-13
Urtica,2018-04-14
Urtica,2018-04-15
Urtica,2018-04-16
Urtica,2018-04-17
Urtica,2018-04-18
Urtica,2018-04-19
Urtica,2018-04-20
Urtica,2018-04-21
Urtica,2018-04-22
Urtica,2018-04-23
Urtica,2018-04-24
Urtica,2018-04-25
Urtica,2018-04-26
Urtica,2018-04-27
Urtica,2018-04-28
Urtica,2018-04-29
Urtica,2018-04-30
Urtica,2018-05-01
Urtica,2018-05-02
Urtica,2018-05-03
Urtica,2018-05-04
Urtica,2018-05-05
Urtica,2018-05-06
Urtica,2018-05-07
Urtica,2018-05-08
Urtica,2018-05-09
Urtica,2018-05-10
Urtica,2018-05-11
Urtica,2018-05-12
Urtica,2018-05-13
Urtica,2018-05-14
Urtica,2018-05-15
Urtica,2018-05-16
Urtica,2018-05-17
Urtica,2018-05-18
Urtica,2018-05-19
Urtica,2018-05-20
Urtica,2018-05-21
Urtica,2018-05-22
Urtica,2018-05-23
Urtica,2018-05-24
Urtica,2018-05-25
Urtica,2018-05-26
Urtica,2018-05-27
Urtica,2018-05-28
Urtica,2018-05-29
Urtica,2018-05-30
Urtica,2018-05-31
Urtica,2018-06-01
Urtica,2018-06-02
Urtica,2018-06-03
Urtica,2018-06-04
Urtica,2018-06-05
Urtica,2018-06-06
Urtica,2018-06-07
Urtica,2018-06-08
Urtica,2018-06-09
Urtica,2018-06-10
Urtica,2018-06-11
Urtica,2018-06-12
Urtica,2018-06-13
Urtica,2018-06-14
Urtica,2018-06-15
Urtica,2018-06-16
Urtica,2018-06-17
Urtica,2018-06-18
Urtica,2018-06-19
Urtica,2018-06-20
Urtica,2018-06-21
Urtica,2018-06-22
Urtica,2018-06-23
Urtica,2018-06-24
Urtica,2018-06-25
Urtica,2018-06-26
Urtica,2018-06-27
Urtica,2018-06-28
Urtica,2018-06-29
Urtica,2018-06-30
Urtica,2018-07-01
Urtica,2018-07-02
Urtica,2018-07-03
Urtica,2018-07-04
Urtica,2018-07-05
Urtica,2018-07-06
Urtica,2018-07-07
Urtica,2018-07-08
Urtica,2018-07-09
Urtica,2018-07-10
Urtica,2018-07-11
Urtica,2018-07-12
Urtica,2018-07-13
Urtica,2018-07-14
Urtica,2018-07-15
Urtica,2018-07-16
Urtica,2018-07-17
Urtica,2018-07-18
Urtica,2018-07-19
Urtica,2018-07-20
Urtica,2018-07-21
Urtica,2018-07-22
Urtica,2018-07-23
Urtica,2018-07-24
Urtica,2018-07-25
Urtica,2018-07-26
Urtica,2018-07-27
Urtica,2018-07-28
Urtica,2018-07-29
Urtica,2018-07-30
Urtica,2018-07-31
Urtica,2018-08-01
Urtica,2018-08-02
Urtica,2018-08-03
Urtica,2018-08-04
Urtica,2018-08-05
Urtica,2018-08-06
Urtica,2018-08-07
Urtica,2018-08-08
Urtica,2018-08-09
Urtica,2018-08-10
Urtica,2018-08-11
Urtica,2018-08-12
Urtica,2018-08-13
Urtica,2018-08-14
Urtica,2018-08-15
Urtica,2018-08-16
Urtica,2018-08-17
Urtica,2018-08-18
Urtica,2018-08-19
Urtica,2018-08-20
Urtica,2018-08-21
Urtica,2018-08-22
Urtica,2018-08-23
Urtica,2018-08-24
Urtica,2018-08-25
Urtica,2018-08-26
Urtica,2018-08-27
Urtica,2018-08-28
Urtica,2018-08-29
Urtica,2018-08-30
Urtica,2018-08-31
Urtica,2018-09-01
Urtica,2018-09-02
Urtica,2018-09-03
Urtica,2018-09-04
Urtica,2018-09-05
Urtica,2018-09-06
Urtica,2018-09-07
Urtica,2018-09-08
Urtica,2018-09-09
Urtica,2018-09-10
Urtica,2018-09-11
Urtica,2018-09-12
Urtica,2018-09-13
Urtica,2018-09-14
Urtica,2018-09-15
Urtica,2018-09-16
Urtica,2018-09-17
Urtica,2018-09-18
Urtica,2018-09-19
Urtica,2018-09-20
Urtica,2018-09-21
Urtica,2018-09-22
Urtica,2018-09-23
Urtica,2018-09-24
Urtica,2018-09-25
Urtica,2018-09-26
Urtica,2018-09-27
Urtica,2018-09-28
Urtica,2018-09-29
Urtica,2018-09-30
Urtica,2018-10-01
Urtica,2018-10-02
Urtica,2018-10-03
Urtica,2018-10-04
Urtica,2018-10-05
Urtica,2018-10-06
Urtica,2018-10-07
Urtica,2018-10-08
Urtica,2018-10-09
Urtica,2018-10-10
Urtica,2018-10-11
Urtica,2018-10-12
Urtica,2018-10-13
Urtica,2018-10-14
Urtica,2018-10-15
Urtica,2018-10-16
Urtica,2018-10-17
Urtica,2018-10-18
Urtica,2018-10-19
Urtica,2018-10-20
Urtica,2018-10-21
Urtica,2018-10-22
Urtica,2018-10-23
Urtica,2018-10-24
Urtica,2018-10-25
Urtica,2018-10-26
Urtica,2018-10-27
Urtica,2018-10-28
Urtica,2018-10-29
Urtica,2018-10-30
Urtica,2018-10-31
Urtica,2018-11-01
Urtica,2018-11-02
Urtica,2018-11-03
Urtica,2018-11-04
Urtica,2018-11-05
Urtica,2018-11-06
Urtica,2018-11-07
Urtica,2018-11-08
Urtica,2018-11-09
Urtica,2018-11-10
Urtica,2018-11-11
Urtica,2018-11-12
Urtica,2018-11-13
Urtica,2018-11-14
Urtica,2018-11-15
Urtica,2018-11-16
Urtica,2018-11-17
Urtica,2018-11-18
Urtica,2018-11-19
Urtica,2018-11-20
Urtica,2018-11-21
Urtica,2018-11-22
Urtica,2018-11-23
Urtica,2018-11-24
Urtica,2018-11-25
Urtica,2018-11-26
Urtica,2018-11-27
Urtica,2018-11-28
Urtica,2018-11-29
Urtica,2018-11-30
Urtica,2018-12-01
Urtica,2018-12-02
Urtica,2018-12-03
Urtica,2018-12-04
Urtica,2018-12-05
Urtica,2018-12-06
Urtica,2018-12-07
Urtica,2018-12-08
Urtica,2018-12-09
Urtica,2018-12-10
Urtica,2018-12-11
Urtica,2018-12-12
Urtica,2018-12-13
Urtica,2018-12-14
Urtica,2018-12-15
Urtica,2018-12-16
Urtica,2018-12-17
Urtica,2018-12-18
Urtica,2018-12-19
Urtica,2018-12-20
Urtica,2018-12-21
Urtica,2018-12-22
Urtica,2018-12-23
Urtica,2018-12-24
Urtica,2018-12-25
Urtica,2018-12-26
Urtica,2018-12-27
Urtica,2018-12-28
Urtica,2018-12-29
Urtica,2018-12-30
Urtica,2018-12-31
